0.0734	0.4096	101.765	195.1	-18.1948	-0.1068	0.2692	0.9572	0	2	1	0	1	0
0.069	0.2828	101.723	195.211	-17.8029	-0.1392	0.217	0.9662	1	3	1	0	2	0
0.0686	0.34	101.681	195.27	-17.5295	-0.1212	0.1488	0.9814	2	4	1	0	3	0
0.0658	0.2706	101.642	195.32	-17.1954	-0.1403	0.072	0.9875	3	5	1	0	4	0
0.0638	0.3403	101.605	195.34	-16.9281	-0.1014	0.0619	0.9929	4	6	1	0	5	0
0.0614	0.2117	101.576	195.356	-16.5893	-0.0784	0.0923	0.9926	5	7	1	0	6	0
0.0622	0.3224	101.564	195.378	-16.3786	-0.119	0.0175	0.9927	6	8	1	0	7	0
0.0657	0.2714	101.525	195.385	-16.0587	-0.0587	0.0643	0.9962	7	9	1	0	8	0
0.0624	0.3487	101.505	195.393	-15.7874	-0.0595	0.1213	0.9908	8	10	1	0	9	0
0.0622	0.3163	101.477	195.44	-15.4426	-0.0602	0.0555	0.9966	9	11	1	0	10	0
0.0629	0.2999	101.46	195.46	-15.1275	-0.1005	0.0986	0.99	10	12	1	0	11	0
0.061	0.3296	101.424	195.492	-14.8311	-0.0479	0.0915	0.9946	11	13	1	0	12	0
0.0575	0.22	101.428	195.533	-14.5069	0.0517	0.2347	0.9707	12	14	1	0	13	0
0.0406	0.1815	101.479	195.613	-14.2991	-0.0745	0.2985	0.9515	13	15	1	0	14	0
0.0565	0.33	101.454	195.602	-14.1276	-0.108	0.0024	0.9941	14	16	1	0	15	0
0.0557	0.2739	101.428	195.611	-13.7993	0.0275	-0.0594	0.9979	15	17	1	0	16	0
0.0532	0.2807	101.436	195.596	-13.5261	-0.1492	0.0765	0.9858	16	18	1	0	17	0
0.0517	0.1686	101.391	195.618	-13.2493	0.026	0.0603	0.9978	17	19	1	0	18	0
0.0515	0.2043	101.392	195.627	-13.0814	-0.1282	0.1128	0.9853	18	20	1	0	19	0
0.0571	0.2652	101.363	195.649	-12.8801	-0.0497	0.0869	0.995	19	21	1	0	20	0
0.0507	0.2817	101.342	195.669	-12.6168	-0.0631	-0.0074	0.998	20	22	1	0	21	0
0.0497	0.2911	101.32	195.663	-12.3359	-0.0371	-0.0369	0.9986	21	23	1	0	22	0
0.0545	0.2565	101.302	195.663	-12.0456	-0.0962	-0.0301	0.9949	22	24	1	0	23	0
0.0496	0.2112	101.288	195.651	-11.7901	-0.0161	0.0286	0.9995	23	25	1	0	24	0
0.0375	0.1373	101.248	195.687	-11.566	-0.1699	-0.5616	0.8098	24	26	1	0	25	0
0.0474	0.2135	101.269	195.653	-11.4475	-0.2037	0.044	0.978	25	27	1	0	26	0
0.0511	0.2576	101.238	195.657	-11.2386	0.0126	0.0433	0.999	26	28	1	0	27	0
0.0462	0.2702	101.237	195.668	-10.9817	-0.0912	0.0901	0.9917	27	29	1	0	28	0
0.0495	0.2521	101.212	195.692	-10.7137	-0.0372	0.0491	0.9981	28	30	1	0	29	0
0.0458	0.2553	101.195	195.696	-10.4622	-0.04	0.0253	0.9989	29	31	1	0	30	0
0.044	0.2498	101.192	195.707	-10.2062	-0.1721	0.0705	0.9826	30	32	1	0	31	0
0.0427	0.2368	101.154	195.735	-9.9603	-0.1065	0.0033	0.9943	31	33	1	0	32	0
0.0428	0.2279	101.13	195.737	-9.7248	-0.1278	0.0639	0.9897	32	34	1	0	33	0
0.041	0.173	101.113	195.752	-9.4969	-0.1867	-0.0039	0.9824	33	35	1	0	34	0
0.0436	0.2448	101.08	195.76	-9.3274	-0.0437	0.0493	0.9978	34	36	1	0	35	0
0.0405	0.1837	101.075	195.773	-9.0827	-0.0859	0.0001	0.9963	35	37	1	0	36	0
0.0375	0.2574	101.061	195.774	-8.8995	-0.1142	0.0431	0.9925	36	38	1	0	37	0
0.0384	0.2017	101.044	195.782	-8.6426	-0.1118	0.0311	0.9932	37	39	1	0	38	0
0.0386	0.2169	101.033	195.791	-8.4407	-0.1177	-0.049	0.9918	38	40	1	0	39	0
0.0433	0.2112	101.012	195.786	-8.2258	-0.0812	0.1218	0.9892	39	41	1	0	40	0
0.038	0.183	100.995	195.803	-8.0164	-0.013	0.053	0.9985	40	42	1	0	41	0
0.0362	0.2266	100.994	195.807	-7.8328	-0.1176	0.123	0.9854	41	43	1	0	42	0
0.0392	0.2139	100.967	195.832	-7.6093	0.015	0.0444	0.9989	42	44	1	0	43	0
0.0351	0.1764	100.963	195.845	-7.3965	-0.0785	0.0911	0.9927	43	45	1	0	44	0
0.0356	0.2414	100.95	195.857	-7.2213	-0.026	0.01	0.9996	44	46	1	0	45	0
0.035	0.2064	100.939	195.862	-6.9808	-0.1192	0.1147	0.9862	45	47	1	0	46	0
0.0335	0.2165	100.925	195.883	-6.7764	-0.076	0.0085	0.9971	46	48	1	0	47	0
0.0321	0.2075	100.914	195.883	-6.5602	-0.0536	0.0204	0.9984	47	49	1	0	48	0
0.0309	0.1831	100.897	195.882	-6.3533	-0.0778	0.0363	0.9963	48	50	1	0	49	0
0.0296	0.2168	100.881	195.904	-6.1668	-0.0862	-0.2541	0.9633	49	51	1	0	50	0
0.0282	0.1858	100.886	195.84	-5.9489	-0.1225	0.4992	0.8578	50	52	1	0	51	0
0.0271	0.1592	100.845	195.925	-5.7863	0.1785	0.0005	0.9839	51	53	1	0	52	0
0.026	0.1866	100.863	195.926	-5.6296	0.0015	0.0349	0.9994	52	54	1	0	53	0
0.024	0.1777	100.872	195.916	-5.4411	0.165	0.2111	0.9634	53	55	1	0	54	0
0.0238	0.1641	100.924	195.968	-5.2651	-0.1337	-0.1292	0.9826	54	56	1	0	55	0
0.0224	0.2169	100.897	195.962	-5.1068	-0.3922	0.0576	0.9181	55	57	1	0	56	0
0.021	0.1996	100.812	195.975	-4.9077	0.3321	-0.0768	0.9401	56	58	1	0	57	0
0.0196	0.2082	100.878	195.96	-4.72	-0.1637	0.0867	0.9827	57	59	1	0	58	0
0.0183	0.1776	100.861	195.97	-4.4851	-0.7564	0.3994	0.5181	58	60	1	0	59	0
0.0172	0.1538	100.731	196.039	-4.4028	0.8498	-0.303	0.4312	59	61	1	0	60	0
0.016	0.225	100.861	195.991	-4.3364	-0.1752	0.0911	0.9803	60	62	1	0	61	0
0.0147	0.1763	100.801	196.017	-4.1152	0.0544	0.1157	0.9918	61	63	1	0	62	0
0.0134	0.2068	100.81	196.037	-3.9404	0.2273	-0.744	0.6283	62	64	1	0	63	0
0.0124	0.1093	100.852	195.877	-3.8153	-0.5239	-0.2151	0.8242	63	65	1	0	64	0
0.0116	0.1444	100.795	195.851	-3.7256	-0.7638	0.0261	0.6449	64	66	1	0	65	0
0.0108	0.1057	100.683	195.848	-3.6335	-0.3501	-0.0546	0.9351	65	67	1	0	66	0
0.0099	0.1767	100.651	195.841	-3.5299	-0.6304	0.0707	0.773	66	68	1	0	67	0
0.0087	0.2083	100.556	195.866	-3.3827	-0.459	-0.1553	0.8747	67	69	1	0	68	0
0.0077	0.1287	100.464	195.83	-3.1972	-0.676	0.0215	0.7366	68	70	1	0	69	0
0.0068	0.1516	100.375	195.849	-3.1026	-0.4951	-0.0261	0.8685	69	71	1	0	70	0
0.0058	0.1564	100.291	195.855	-2.9798	-0.1425	0.6002	0.7871	70	72	1	0	71	0
0.0047	0.1938	100.269	195.949	-2.8568	-0.1271	0.6889	0.7136	71	73	1	0	72	0
0.0033	0.2452	100.242	196.089	-2.7235	-0.1709	0.5509	0.8169	72	0	1	0	73	0
0.0114	0.0587	101.57	195.395	-15.8289	0.8412	0.0215	-0.5402	9	75	2	1	1	1
0.0069	0.1856	101.619	195.396	-15.8606	0.1444	0.6964	0.703	74	76	2	1	2	0
0.0025	0.1594	101.645	195.529	-15.733	-0.1516	0.5452	0.8245	75	0	2	1	3	0
0.0526	0.2449	101.556	195.43	-15.7655	0.3242	0.1208	0.9383	9	0	3	1	1	0
0.016	0.2122	101.484	195.467	-14.8762	0.7442	0.2424	0.6224	12	0	4	1	1	0
0.0057	0.0719	101.42	195.593	-14.4363	0.882	0.4448	-0.1555	13	0	5	1	1	0
0.0092	0.0596	101.455	195.633	-14.3368	-0.4946	0.412	-0.7653	14	81	6	1	1	1
0.0046	0.2224	101.426	195.658	-14.3825	-0.0419	0.8007	0.5977	80	0	6	1	2	0
0.0536	0.0061	101.496	195.6	-13.998	0.3127	-0.0161	0.9497	15	83	7	1	1	1
0.0536	0.2093	101.498	195.6	-13.9921	-0.7591	0.0136	0.6508	82	84	7	1	2	0
0.0357	0.2733	101.307	195.616	-13.9029	-0.7952	0.1472	0.5883	83	85	7	1	3	0
0.0242	0.2169	101.09	195.656	-13.7421	-0.664	0.0161	0.7475	84	86	7	1	4	0
0.0092	0.2209	100.941	195.654	-13.5841	-0.6111	-0.0452	0.7903	85	0	7	1	5	0
0.0102	0.0456	101.47	195.649	-13.8177	0.6975	0.6458	-0.3106	16	88	8	1	1	1
0.0051	0.1692	101.501	195.678	-13.8318	0.0249	0.8954	0.4446	87	0	8	1	2	0
0.0316	0.0392	101.441	195.547	-13.4797	0.0715	-0.7216	0.6886	17	90	9	1	1	1
0.0158	0.175	101.441	195.532	-13.4554	0.7619	0.2673	0.59	89	0	9	1	2	0
0.0263	0.1667	101.349	195.658	-12.9395	0.1356	0.9783	0.1566	20	0	10	1	1	0
0.0138	0.2709	101.352	195.599	-12.8038	0.0139	-0.6568	0.7539	20	0	11	1	1	0
0.0095	0.129	101.354	195.619	-12.6394	0.2123	-0.8889	-0.406	21	94	12	1	1	1
0.0047	0.1575	101.381	195.505	-12.6918	0.8677	-0.3863	0.3128	93	0	12	1	2	0
0.0441	0.2586	101.399	195.676	-12.7226	0.7229	0.4039	0.5605	21	0	13	1	1	0
0.0175	0.2684	101.388	195.686	-12.5966	0.4951	0.7248	0.479	21	97	14	1	1	0
0.01	0.2511	101.516	195.897	-12.4889	0.527	0.7279	0.4387	96	98	14	1	2	0
0.0025	0.1487	101.654	196.084	-12.3886	0.5788	0.5677	0.5854	97	0	14	1	3	0
0.0355	0.2245	101.35	195.705	-12.3681	-0.5375	0.8328	0.1322	22	100	15	1	1	0
0.0177	0.2936	101.199	195.864	-12.3234	-0.294	0.6703	0.6813	99	0	15	1	2	0
0.0193	0.0682	101.365	195.645	-12.2576	0.8428	0.1903	0.5034	22	0	16	1	1	0
0.0204	0.0175	101.009	195.753	-8.376	0.4087	-0.6175	0.6721	39	0	17	1	1	0
0.014	0.1268	101.223	195.706	-11.2503	-0.2836	0.9325	-0.2237	27	104	18	1	1	1
0.007	0.1347	101.187	195.824	-11.2786	0.1003	0.9151	0.3904	103	0	18	1	2	0
0.0486	0.1287	101.187	195.657	-11.2565	-0.9446	0	-0.3282	27	106	19	1	1	1
0.0255	0.2874	101.109	195.607	-11.2638	-0.5179	0.1297	0.8455	105	107	19	1	2	0
0.0025	0.1749	100.959	195.643	-11.0226	-0.6483	-0.296	0.7015	106	0	19	1	3	0
0.0213	0.0586	101.19	195.641	-11.2236	-0.9121	-0.2961	0.2834	27	109	20	1	1	1
0.0119	0.2307	101.136	195.624	-11.207	-0.7607	0.5516	0.3423	108	110	20	1	2	0
0.0025	0.2439	100.986	195.768	-11.1325	-0.4054	0.7552	0.5151	109	0	20	1	3	0
0.0163	0.0411	101.239	195.607	-11.2169	0.0188	-0.9179	0.3963	27	112	21	1	1	1
0.0082	0.1441	101.24	195.569	-11.2007	-0.4085	-0.3185	0.8554	111	0	21	1	2	0
0.0185	0.2203	101.223	195.732	-10.5607	0.1624	0.8828	0.4408	30	114	22	1	1	0
0.0177	0.1203	101.262	195.927	-10.4645	0.1604	0.895	0.4162	113	115	22	1	2	0
0.0199	0.3098	101.287	196.036	-10.4171	0.0441	0.8654	0.4992	114	116	22	1	3	0
0.0206	0.1444	101.302	196.302	-10.2599	0.0059	0.8813	0.4725	115	117	22	1	4	0
0.0161	0.1073	101.316	196.441	-10.1998	0.0214	0.5538	0.8324	116	118	22	1	5	0
0.0164	0.1521	101.321	196.509	-10.118	0.0161	0.6484	0.7611	117	119	22	1	6	0
0.0179	0.1461	101.321	196.608	-10.0029	0.0084	0.8612	0.5082	118	120	22	1	7	0
0.0194	0.1169	101.315	196.722	-9.9015	-0.0011	0.9179	0.3969	119	121	22	1	8	0
0.0198	0.1322	101.299	196.827	-9.831	0.4491	0.8076	0.3821	120	122	22	1	9	0
0.0192	0.1698	101.337	196.937	-9.7817	0.062	0.8235	0.564	121	123	22	1	10	0
0.0186	0.1266	101.339	197.08	-9.6918	-0.1101	0.7919	0.6006	122	124	22	1	11	0
0.018	0.1021	101.333	197.184	-9.6231	0.1797	0.7909	0.585	123	125	22	1	12	0
0.0175	0.1104	101.348	197.278	-9.5767	0.1522	0.7054	0.6923	124	126	22	1	13	0
0.0168	0.1372	101.382	197.352	-9.5005	0.1947	0.8518	0.4863	125	127	22	1	14	0
0.0161	0.1123	101.398	197.469	-9.4341	-0.0121	0.7905	0.6124	126	128	22	1	15	0
0.0153	0.1655	101.382	197.568	-9.3569	0.6208	0.7489	0.2318	127	129	22	1	16	0
0.0143	0.1288	101.48	197.688	-9.3203	-0.672	0.6849	0.2816	128	130	22	1	17	0
0.0132	0.1872	101.389	197.777	-9.2957	-0.6014	0.7312	0.3219	129	131	22	1	18	0
0.0119	0.1607	101.271	197.91	-9.2357	-0.5534	0.6214	0.5546	130	132	22	1	19	0
0.0106	0.176	101.195	198.016	-9.1464	-0.3231	0.6142	0.72	131	133	22	1	20	0
0.0093	0.1448	101.138	198.125	-9.0196	0.298	0.3873	0.8724	132	134	22	1	21	0
0.0074	0.2526	101.182	198.181	-8.8933	-0.2727	-0.0757	0.9591	133	0	22	1	22	0
0.0169	0.0186	101.193	195.665	-10.1759	0.0128	-0.8089	0.5878	31	136	23	1	1	1
0.0084	0.2435	101.193	195.65	-10.165	-0.6376	-0.1554	0.7546	135	0	23	1	2	0
0.0159	0.4094	101.24	195.735	-10.3754	0.208	0.084	0.9745	31	138	24	1	1	0
0.0157	0.1484	101.327	195.759	-9.9738	0.2195	0.2848	0.9331	137	139	24	1	2	0
0.0163	0.1413	101.361	195.795	-9.8316	-0.0834	0.504	0.8596	138	140	24	1	3	0
0.0148	0.1826	101.353	195.864	-9.7051	0.225	0.9174	0.3282	139	141	24	1	4	0
0.0118	0.1664	101.4	196.032	-9.6474	0.0559	0.8894	0.4536	140	142	24	1	5	0
0.0105	0.1899	101.39	196.18	-9.5694	0.1021	0.5351	0.8386	141	0	24	1	6	0
0.015	0.0563	101.224	195.727	-10.1576	0.5227	0.3343	0.7842	31	144	25	1	1	1
0.015	0.376	101.254	195.746	-10.1134	0.6752	0.6539	0.3413	143	145	25	1	2	0
0.016	0.1265	101.493	196.004	-9.9723	0.7143	0.6708	0.1993	144	146	25	1	3	0
0.0137	0.2226	101.574	196.093	-9.9519	0.4015	0.9158	-0.0114	145	147	25	1	4	0
0.0098	0.2095	101.658	196.3	-9.9632	0.3162	0.9361	0.1538	146	0	25	1	5	0
0.0402	0.4054	101.118	195.707	-9.9304	-0.8715	-0.2527	0.4204	32	0	26	1	1	0
0.0194	0.3194	101.137	195.787	-9.5021	0.5657	0.8152	-0.1239	34	150	27	1	1	1
0.0138	0.3097	101.317	196.047	-9.5417	0.0036	0.9697	0.2442	149	151	27	1	2	0
0.0081	0.1652	101.323	196.351	-9.4711	-0.08	0.8522	0.517	150	152	27	1	3	0
0.0025	0.1931	101.303	196.493	-9.3896	-0.0469	0.8515	0.5222	151	0	27	1	4	0
0.0161	0.063	101.115	195.782	-9.0934	0.9448	0.212	-0.2498	36	154	28	1	1	1
0.0081	0.3924	101.175	195.796	-9.1092	0.7173	0.5889	0.3724	153	0	28	1	2	0
0.0208	0.0324	100.868	195.809	-5.9645	-0.4585	-0.7918	-0.4035	51	156	29	1	1	1
0.0208	0.1443	100.854	195.783	-5.9776	-0.1541	-0.5994	0.7855	155	157	29	1	2	0
0.0171	0.1008	100.829	195.685	-5.8749	-0.0714	-0.6505	0.7562	156	158	29	1	3	0
0.0217	0.133	100.803	195.621	-5.7946	0.096	-0.6349	0.7666	157	159	29	1	4	0
0.0222	0.1272	100.82	195.535	-5.6931	-0.351	-0.7482	0.563	158	160	29	1	5	0
0.0162	0.1555	100.789	195.445	-5.6111	-0.0929	-0.8193	0.5658	159	161	29	1	6	0
0.0179	0.1162	100.776	195.317	-5.5039	-0.6778	-0.7339	0.0451	160	162	29	1	7	0
0.0151	0.1233	100.697	195.237	-5.4925	-0.9273	-0.3184	0.1969	161	163	29	1	8	0
0.0191	0.1559	100.572	195.208	-5.477	-0.7737	-0.5612	0.294	162	164	29	1	9	0
0.018	0.1078	100.451	195.12	-5.4283	0.6669	-0.7248	-0.1729	163	165	29	1	10	0
0.0167	0.1604	100.529	195.042	-5.4472	-0.044	-0.9974	-0.0565	164	166	29	1	11	0
0.0132	0.1629	100.528	194.883	-5.4518	-0.1891	-0.8886	0.4179	165	167	29	1	12	0
0.0133	0.1216	100.494	194.737	-5.3815	0.4653	-0.8337	0.2973	166	168	29	1	13	0
0.0111	0.2103	100.546	194.632	-5.3532	0.4839	-0.8655	0.1297	167	169	29	1	14	0
0.0081	0.2075	100.649	194.452	-5.3215	0.22	-0.9035	0.3678	168	0	29	1	15	0
0.0206	0.0391	100.973	195.806	-8.223	-0.8824	0.4662	0.0629	40	171	30	1	1	1
0.0115	0.2439	100.939	195.825	-8.2205	-0.343	0.6813	0.6467	170	172	30	1	2	0
0.0025	0.1926	100.855	195.991	-8.0626	-0.6284	0.6466	0.4325	171	0	30	1	3	0
0.0209	0.0467	101.031	195.792	-8	0.8757	-0.2711	0.3996	41	174	31	1	1	1
0.0147	0.2713	101.071	195.779	-7.9813	0.8511	0.166	0.498	173	175	31	1	2	0
0.0086	0.2055	101.3	195.831	-7.8506	0.8969	0.4015	0.1853	174	176	31	1	3	0
0.0025	0.1744	101.486	195.911	-7.8109	0.7861	0.5959	0.1641	175	0	31	1	4	0
0.0172	0.0695	100.999	195.851	-7.4137	0.8899	0.1515	-0.4302	44	178	32	1	1	1
0.0099	0.1629	101.061	195.861	-7.4436	0.4716	0.6187	0.6283	177	179	32	1	2	0
0.0025	0.1922	101.14	195.968	-7.3472	0.2962	0.6262	0.7212	178	0	32	1	3	0
0.0163	0.2133	101.006	195.828	-7.5004	0.7183	-0.2672	0.6424	44	181	33	1	1	0
0.0143	0.1319	101.157	195.769	-7.3621	0.7106	-0.252	0.6569	180	182	33	1	2	0
0.0179	0.1048	101.243	195.737	-7.2648	0.7782	-0.1683	0.6051	181	183	33	1	3	0
0.0149	0.1115	101.325	195.725	-7.197	0.7729	-0.3981	0.4941	182	184	33	1	4	0
0.0148	0.1504	101.412	195.679	-7.144	0.7088	-0.2754	0.6494	183	185	33	1	5	0
0.0172	0.1149	101.521	195.636	-7.0489	0.6614	-0.1685	0.7309	184	186	33	1	6	0
0.0166	0.103	101.607	195.62	-6.9711	0.5991	-0.5312	0.599	185	187	33	1	7	0
0.0158	0.143	101.685	195.569	-6.926	0.6976	-0.3568	0.6214	186	188	33	1	8	0
0.0149	0.1139	101.791	195.514	-6.8434	0.605	-0.2731	0.7479	187	189	33	1	9	0
0.0139	0.1211	101.862	195.477	-6.7649	0.6912	-0.4235	0.5855	188	190	33	1	10	0
0.013	0.0951	101.939	195.417	-6.6899	0.8075	-0.3266	0.4912	189	191	33	1	11	0
0.012	0.1161	102.011	195.372	-6.6476	0.7903	-0.4183	0.4477	190	192	33	1	12	0
0.0108	0.1024	102.105	195.307	-6.5743	0.4899	0.7265	0.4818	191	193	33	1	13	0
0.0094	0.16	102.159	195.364	-6.5402	0.5145	-0.4996	0.6969	192	194	33	1	14	0
0.0072	0.2276	102.244	195.291	-6.426	0.6578	-0.5407	0.5244	193	0	33	1	15	0
0.02	0.3955	100.917	195.866	-7.2701	-0.8814	0.3815	0.2784	45	196	34	1	1	0
0.0155	0.181	100.569	196.011	-7.1515	-0.9088	0.3256	0.261	195	197	34	1	2	0
0.0146	0.1448	100.41	196.075	-7.0963	-0.8724	0.3102	0.3777	196	198	34	1	3	0
0.0182	0.1534	100.278	196.126	-7.059	-0.837	0.3788	0.395	197	199	34	1	4	0
0.0131	0.1259	100.151	196.186	-6.9933	-0.9427	0.3001	0.1457	198	200	34	1	5	0
0.0137	0.1164	100.033	196.234	-6.9794	-0.918	0.2492	0.3084	199	201	34	1	6	0
0.0144	0.1876	99.9382	196.266	-6.9433	-0.2202	0.9754	0.0096	200	202	34	1	7	0
0.0145	0.1684	99.898	196.449	-6.9554	-0.4704	0.882	-0.0285	201	203	34	1	8	0
0.0132	0.1533	99.8211	196.609	-6.9948	-0.1564	0.9419	0.2973	202	204	34	1	9	0
0.0118	0.1589	99.8004	196.754	-6.949	-0.1949	0.9795	0.0504	203	205	34	1	10	0
0.0102	0.1541	99.7716	196.904	-6.9281	-0.2472	0.8723	0.4219	204	206	34	1	11	0
0.0084	0.1609	99.7335	197.036	-6.8617	-0.0075	0.5653	0.8248	205	207	34	1	12	0
0.0065	0.1579	99.7218	197.123	-6.7296	-0.211	0.398	0.8928	206	0	34	1	13	0
0.0166	0.0439	100.972	195.859	-6.9605	0.8451	-0.078	0.529	46	209	35	1	1	1
0.0165	0.1621	101.009	195.856	-6.9372	0.5617	0.3423	0.7532	208	210	35	1	2	0
0.0215	0.1061	101.099	195.929	-6.8199	0.5575	0.25	0.7916	209	211	35	1	3	0
0.0207	0.1235	101.164	195.982	-6.7495	0.6837	0.2028	0.701	210	212	35	1	4	0
0.0195	0.1185	101.27	195.998	-6.6805	0.6712	0.2241	0.7066	211	213	35	1	5	0
0.0182	0.0786	101.404	196.005	-6.6051	0.3263	0.5922	0.7368	212	214	35	1	6	0
0.0121	0.179	101.425	196.063	-6.5474	0.8388	0.3481	0.4187	213	215	35	1	7	0
0.0137	0.1187	101.58	196.12	-6.478	0.7845	0.6009	0.1535	214	216	35	1	8	0
0.0111	0.1919	101.68	196.175	-6.4359	0.7959	0.5824	0.1652	215	217	35	1	9	0
0.0074	0.1628	101.824	196.305	-6.4083	0.8866	0.4442	0.1291	216	0	35	1	10	0
0.0183	0.0555	100.895	195.87	-6.7932	-0.8131	-0.3576	-0.4594	47	219	36	1	1	1
0.0104	0.2144	100.85	195.85	-6.8188	-0.798	0.5034	0.3313	218	220	36	1	2	0
0.0025	0.2537	100.673	195.953	-6.7437	-0.2369	0.8021	0.5482	219	0	36	1	3	0
0.0215	0.0376	100.93	195.882	-6.3826	0.7495	0.0073	-0.662	49	222	37	1	1	1
0.0152	0.4236	100.959	195.883	-6.4075	0.2155	0.9713	-0.1002	221	223	37	1	2	0
0.0088	0.1124	101.049	196.293	-6.4484	0.3678	0.7458	0.5554	222	224	37	1	3	0
0.0025	0.1551	101.09	196.377	-6.3859	-0.1557	0.9832	0.0951	223	0	37	1	4	0
0.0166	0.0411	100.925	195.875	-6.3251	0.691	-0.1709	0.7023	49	226	38	1	1	1
0.0166	0.1624	100.953	195.868	-6.2962	0.9158	-0.0124	0.4015	225	227	38	1	2	0
0.0181	0.144	101.104	195.866	-6.2333	0.8398	0.0645	0.539	226	228	38	1	3	0
0.0192	0.1546	101.224	195.872	-6.1521	0.9636	-0.0104	0.267	227	229	38	1	4	0
0.0143	0.1305	101.376	195.865	-6.1226	0.9528	0.1444	0.2669	228	230	38	1	5	0
0.018	0.1372	101.523	195.858	-6.0686	0.6831	0.7104	0.1692	229	231	38	1	6	0
0.0128	0.1732	101.624	195.928	-6.0547	0.8007	0.3655	-0.4747	230	232	38	1	7	0
0.0119	0.1549	101.764	195.99	-6.1327	0.8544	0.5158	-0.0625	231	233	38	1	8	0
0.0144	0.2073	101.896	196.07	-6.1441	0.7441	0.6079	0.277	232	234	38	1	9	0
0.0124	0.1863	102.048	196.207	-6.0863	0.9441	0.2625	0.1992	233	235	38	1	10	0
0.0104	0.166	102.217	196.259	-6.0236	0.9144	-0.3106	0.2597	234	236	38	1	11	0
0.0085	0.1485	102.371	196.192	-5.9847	0.9236	-0.002	0.3833	235	237	38	1	12	0
0.0065	0.1335	102.506	196.176	-5.9262	0.713	-0.045	0.6998	236	0	38	1	13	0
0.0281	0.1254	100.876	195.9	-6.0642	-0.7473	0.2436	0.6183	50	0	39	1	1	0
0.0209	0.2339	100.835	195.904	-5.533	-0.6901	-0.2333	0.6851	54	240	40	1	1	0
0.0183	0.1414	100.679	195.845	-5.3652	-0.8316	-0.1751	0.5271	239	241	40	1	2	0
0.0179	0.1292	100.563	195.811	-5.2754	-0.8338	0.4489	0.3212	240	242	40	1	3	0
0.0139	0.1364	100.462	195.874	-5.2379	-0.6011	0.7812	-0.1689	241	243	40	1	4	0
0.0153	0.1365	100.38	195.98	-5.2697	-0.4388	0.8983	-0.0242	242	244	40	1	5	0
0.0158	0.1062	100.32	196.103	-5.2742	-0.2598	0.9363	0.2365	243	245	40	1	6	0
0.0135	0.1559	100.299	196.21	-5.2295	-0.7775	0.6283	0.0283	244	246	40	1	7	0
0.0113	0.156	100.175	196.305	-5.2283	-0.7353	0.6773	0.0233	245	247	40	1	8	0
0.0088	0.174	100.061	196.413	-5.2316	-0.7152	0.6756	0.1792	246	248	40	1	9	0
0.0054	0.1786	99.9355	196.521	-5.1894	-0.5806	0.6352	0.5094	247	0	40	1	10	0
0.0171	0.0876	100.883	195.91	-5.6123	0.6371	-0.5302	0.5595	53	250	41	1	1	1
0.0171	0.17	100.938	195.863	-5.5633	0.8164	-0.5584	0.1471	249	251	41	1	2	0
0.0147	0.1375	101.083	195.777	-5.5203	0.7744	-0.6315	0.0387	250	252	41	1	3	0
0.0152	0.1444	101.187	195.688	-5.5224	0.797	-0.5969	-0.0919	251	253	41	1	4	0
0.0142	0.1093	101.299	195.598	-5.5312	0.7515	-0.6597	-0.0105	252	254	41	1	5	0
0.0186	0.0851	101.389	195.531	-5.5435	0.77	-0.5604	0.305	253	255	41	1	6	0
0.0138	0.1527	101.45	195.482	-5.5109	0.8069	-0.3269	0.492	254	256	41	1	7	0
0.0175	0.1113	101.573	195.43	-5.4358	0.8632	-0.3765	0.3362	255	257	41	1	8	0
0.0165	0.0957	101.67	195.394	-5.3968	0.665	-0.3656	0.6513	256	258	41	1	9	0
0.0164	0.0978	101.735	195.361	-5.3345	0.769	-0.5464	0.3319	257	259	41	1	10	0
0.0157	0.0978	101.809	195.308	-5.3001	0.608	-0.4185	0.6746	258	260	41	1	11	0
0.0149	0.1434	101.871	195.258	-5.2278	0.5749	0.6153	0.5394	259	261	41	1	12	0
0.0139	0.1162	101.964	195.334	-5.1536	0.7697	0.6347	-0.0684	260	262	41	1	13	0
0.0129	0.1413	102.051	195.408	-5.1569	0.6718	0.6775	0.2995	261	263	41	1	14	0
0.0116	0.1458	102.14	195.514	-5.1144	0.8522	0.5101	-0.1164	262	264	41	1	15	0
0.0102	0.1667	102.271	195.581	-5.136	0.7338	0.6741	0.084	263	265	41	1	16	0
0.008	0.1542	102.397	195.688	-5.1226	0.8157	0.4581	0.3533	264	0	41	1	17	0
0.0226	0.0689	100.9	195.966	-5.2673	-0.9918	-0.0855	-0.0947	55	267	42	1	1	1
0.0226	0.1835	100.817	195.962	-5.2559	0.5852	-0.6017	0.5436	266	268	42	1	2	0
0.0188	0.1484	100.923	195.842	-5.1628	0.6015	-0.5348	0.5934	267	269	42	1	3	0
0.0174	0.1054	101.011	195.763	-5.0721	0.6845	-0.6663	0.2959	268	270	42	1	4	0
0.0186	0.1078	101.09	195.7	-5.0272	0.5996	-0.7927	0.1102	269	271	42	1	5	0
0.0166	0.1184	101.154	195.619	-5.0071	0.6456	-0.6486	0.4031	270	272	42	1	6	0
0.0159	0.1251	101.236	195.526	-4.9748	0.5352	-0.4817	0.694	271	273	42	1	7	0
0.0182	0.1189	101.318	195.456	-4.8961	0.0981	-0.5642	0.8198	272	274	42	1	8	0
0.0192	0.1245	101.32	195.377	-4.7929	0.7041	-0.228	0.6725	273	275	42	1	9	0
0.0163	0.1308	101.39	195.367	-4.703	0.4587	0.169	0.8723	274	276	42	1	10	0
0.0166	0.1412	101.445	195.385	-4.5834	0.6285	0.2822	0.7248	275	277	42	1	11	0
0.0151	0.1028	101.536	195.397	-4.4695	0.501	0.3596	0.7872	276	278	42	1	12	0
0.0134	0.1568	101.57	195.46	-4.378	0.8194	0.404	0.4067	277	279	42	1	13	0
0.0111	0.1773	101.697	195.535	-4.3063	0.8839	-0.1831	0.4304	278	280	42	1	14	0
0.0079	0.2244	101.859	195.514	-4.2368	0.7471	0.0266	0.6642	279	0	42	1	15	0
0.0226	0.0089	100.929	195.989	-5.2538	0.2227	0.8637	0.4521	55	282	43	1	1	1
0.0226	0.1678	100.931	195.997	-5.2498	0.7628	0.1177	0.6358	281	283	43	1	2	0
0.0215	0.1126	101.067	196.014	-5.1461	0.4424	0.4641	0.7674	282	284	43	1	3	0
0.0226	0.14	101.125	196.066	-5.0673	0.6558	0.272	0.7043	283	285	43	1	4	0
0.0196	0.1158	101.211	196.098	-4.9599	0.6478	0.3045	0.6982	284	286	43	1	5	0
0.0215	0.1088	101.271	196.139	-4.8511	0.5661	-0.7052	0.4268	285	287	43	1	6	0
0.0161	0.1373	101.336	196.061	-4.8162	0.3984	-0.8995	0.1793	286	288	43	1	7	0
0.0198	0.1633	101.385	195.934	-4.7947	0.385	-0.8775	0.2858	287	289	43	1	8	0
0.0175	0.1702	101.438	195.796	-4.7445	0.2297	0.8184	-0.5267	288	290	43	1	9	0
0.0122	0.1819	101.477	195.936	-4.8301	0.9448	-0.3223	-0.0587	289	291	43	1	10	0
0.0118	0.1363	101.649	195.872	-4.844	0.8009	-0.2638	0.5376	290	292	43	1	11	0
0.0092	0.1179	101.758	195.847	-4.7653	0.7995	-0.2388	0.5512	291	293	43	1	12	0
0.0061	0.1525	101.842	195.818	-4.6897	0.72	0.0416	0.6927	292	0	43	1	13	0
0.0206	0.0448	100.877	195.952	-5.1092	-0.8961	-0.4316	-0.1034	56	295	44	1	1	1
0.0206	0.1758	100.836	195.933	-5.1138	-0.9864	0.1628	-0.021	294	296	44	1	2	0
0.015	0.1331	100.66	195.955	-5.1072	-0.9685	0.2254	-0.1057	295	297	44	1	3	0
0.0142	0.1609	100.528	195.978	-5.1165	-0.916	0.4002	-0.0282	296	298	44	1	4	0
0.0167	0.2127	100.377	196.032	-5.1246	-0.9516	0.2505	0.178	297	299	44	1	5	0
0.0145	0.1432	100.184	196.102	-5.0782	-0.882	0.3534	0.3118	298	300	44	1	6	0
0.0123	0.1215	100.056	196.148	-5.0288	-0.6932	0.6748	0.2532	299	301	44	1	7	0
0.0076	0.1546	99.9605	196.222	-4.9936	-0.3557	0.7769	0.5195	300	0	44	1	8	0
0.0183	0.0447	100.878	195.988	-5.0543	-0.3134	0.4155	0.8539	56	303	45	1	1	1
0.0183	0.175	100.864	196.007	-5.0162	0.2529	0.8195	0.5143	302	304	45	1	2	0
0.0208	0.1616	100.927	196.162	-4.8918	-0.5587	0.8292	0.0167	303	305	45	1	3	0
0.0186	0.1782	100.843	196.296	-4.8959	-0.302	0.9114	-0.2795	304	306	45	1	4	0
0.0179	0.1142	100.784	196.459	-4.959	-0.2803	0.95	0.1376	305	307	45	1	5	0
0.016	0.1441	100.76	196.582	-4.9558	-0.9332	0.2596	-0.2484	306	308	45	1	6	0
0.0134	0.1624	100.626	196.622	-5.0023	-0.9748	0.2189	-0.0433	307	309	45	1	7	0
0.0095	0.2324	100.468	196.658	-5.0186	-0.8968	0.4383	0.0601	308	310	45	1	8	0
0.0057	0.1012	100.249	196.738	-4.9984	-0.7776	0.4902	0.3938	309	0	45	1	9	0
0.0182	0.0873	100.833	195.969	-4.9097	0.9509	-0.2951	-0.0931	57	312	46	1	1	1
0.0091	0.1416	100.916	195.943	-4.9178	0.8896	0.0301	0.4557	311	0	46	1	2	0
0.018	0.0868	100.869	195.982	-4.6824	-0.2137	0.5067	0.8352	58	314	47	1	1	1
0.018	0.2265	100.85	196.026	-4.61	-0.1577	0.9544	0.2533	313	315	47	1	2	0
0.0187	0.1327	100.812	196.242	-4.5534	-0.1181	0.9925	-0.0306	314	316	47	1	3	0
0.0165	0.1541	100.8	196.377	-4.567	-0.0084	0.9454	0.3258	315	317	47	1	4	0
0.0163	0.1425	100.802	196.522	-4.5152	0.074	0.9462	0.3151	316	318	47	1	5	0
0.0145	0.1297	100.807	196.659	-4.4727	-0.0617	0.7411	0.6685	317	319	47	1	6	0
0.0121	0.1311	100.801	196.759	-4.3737	-0.2268	0.9332	-0.2789	318	320	47	1	7	0
0.0091	0.1671	100.777	196.881	-4.4077	-0.068	0.9309	0.359	319	321	47	1	8	0
0.0057	0.1372	100.766	197.036	-4.3478	0.1693	0.7057	0.6879	320	0	47	1	9	0
0.0174	0.0642	100.849	195.973	-4.4992	-0.6249	0.1708	-0.7618	59	323	48	1	1	1
0.0174	0.2116	100.809	195.984	-4.5481	-0.8738	0.0945	0.477	322	324	48	1	2	0
0.0174	0.1313	100.627	196.018	-4.4465	-0.8644	0.1558	0.4781	323	325	48	1	3	0
0.0167	0.1165	100.52	196.053	-4.3757	-0.8893	0.1362	0.4365	324	326	48	1	4	0
0.0155	0.1423	100.416	196.071	-4.3308	-0.9927	-0.071	0.0976	325	327	48	1	5	0
0.0129	0.1913	100.273	196.064	-4.3311	-0.9819	0.1431	0.1237	326	328	48	1	6	0
0.008	0.1573	100.083	196.09	-4.3123	-0.2522	0.9503	-0.1825	327	0	48	1	7	0
0.0164	0.172	100.722	196.041	-4.4198	-0.7594	0.0938	0.6439	60	330	49	1	1	0
0.0082	0.1581	100.592	196.057	-4.309	-0.64	-0.1752	0.7482	329	0	49	1	2	0
0.0152	0.0346	100.853	196.006	-4.3342	-0.488	0.8635	0.127	61	332	50	1	1	1
0.0076	0.1957	100.834	196.04	-4.3423	0.9856	0.0361	-0.1649	331	0	50	1	2	0
0.0152	0.0548	100.876	195.987	-4.3316	0.9206	-0.253	0.2974	61	334	51	1	1	1
0.0152	0.157	100.927	195.973	-4.3153	0.7096	-0.4392	0.551	333	335	51	1	2	0
0.0152	0.1336	101.05	195.908	-4.2361	0.5531	-0.2661	0.7895	334	336	51	1	3	0
0.0152	0.1352	101.117	195.881	-4.1233	0.4404	-0.3324	0.834	335	337	51	1	4	0
0.0152	0.1258	101.171	195.839	-4.0075	0.4526	-0.1758	0.8742	336	338	51	1	5	0
0.0152	0.1151	101.242	195.813	-3.9044	0.4237	-0.0933	0.901	337	339	51	1	6	0
0.0147	0.1442	101.294	195.784	-3.8008	0.5974	0.0888	0.797	338	340	51	1	7	0
0.0135	0.1144	101.365	195.781	-3.676	0.6123	-0.0982	0.7845	339	341	51	1	8	0
0.0123	0.1184	101.425	195.777	-3.5787	0.5097	-0.1792	0.8415	340	342	51	1	9	0
0.0107	0.1703	101.491	195.753	-3.4804	0.2927	0.1363	0.9464	341	343	51	1	10	0
0.0078	0.23	101.541	195.775	-3.3178	-0.1015	0.57	0.8154	342	0	51	1	11	0
0.0139	0.0343	100.785	196.018	-4.1334	-0.6431	0.0477	-0.7643	62	345	52	1	1	1
0.0139	0.1831	100.763	196.02	-4.1596	-0.5503	-0.0652	0.8324	344	346	52	1	2	0
0.0139	0.124	100.663	195.995	-4.0078	-0.4255	-0.0499	0.9036	345	347	52	1	3	0
0.0139	0.1484	100.606	195.986	-3.8983	-0.6546	0.152	0.7405	346	348	52	1	4	0
0.0139	0.1311	100.528	196.006	-3.7771	-0.5146	0.001	0.8574	347	349	52	1	5	0
0.0139	0.1084	100.445	196.03	-3.6675	-0.305	-0.0862	0.9484	348	350	52	1	6	0
0.0134	0.1644	100.396	196.008	-3.5727	-0.5101	0.1265	0.8508	349	351	52	1	7	0
0.0123	0.1092	100.307	196.031	-3.4364	-0.5613	0.0798	0.8238	350	352	52	1	8	0
0.0113	0.1175	100.231	196.043	-3.3589	-0.6736	-0.0757	0.7352	351	353	52	1	9	0
0.0098	0.172	100.143	196.022	-3.2862	-0.8274	-0.0149	0.5614	352	354	52	1	10	0
0.008	0.1372	99.9948	196.017	-3.1991	-0.8383	0.0109	0.5451	353	355	52	1	11	0
0.0063	0.1276	99.8798	196.018	-3.1243	-0.7369	0.0596	0.6733	354	0	52	1	12	0
0.0139	0.0575	100.809	196.023	-4.1515	0.2283	0.1589	-0.9605	62	357	53	1	1	1
0.0139	0.2739	100.822	196.032	-4.2068	-0.8235	0.5305	-0.2011	356	358	53	1	2	0
0.0139	0.1281	100.595	196.173	-4.2611	-0.8444	0.3031	0.4417	357	359	53	1	3	0
0.0139	0.1329	100.473	196.225	-4.1745	-0.44	-0.8777	0.1897	358	360	53	1	4	0
0.0139	0.1204	100.416	196.117	-4.137	-0.8644	-0.3528	0.3584	359	361	53	1	5	0
0.0139	0.0984	100.312	196.075	-4.0939	0.2992	-0.8111	-0.5025	360	362	53	1	6	0
0.0139	0.174	100.341	195.995	-4.1311	-0.7583	-0.6517	-0.0152	361	363	53	1	7	0
0.0134	0.132	100.212	195.878	-4.109	-0.5583	-0.8276	-0.0578	362	364	53	1	8	0
0.0124	0.1654	100.153	195.758	-4.1114	-0.6143	-0.7805	0.1157	363	365	53	1	9	0
0.0114	0.1185	100.071	195.61	-4.0863	-0.7	-0.7074	0.0978	364	366	53	1	10	0
0.0104	0.1428	99.987	195.527	-4.0755	-0.6488	-0.6625	0.3743	365	367	53	1	11	0
0.0091	0.1554	99.8913	195.436	-4.0233	-0.7586	-0.4491	0.472	366	368	53	1	12	0
0.0078	0.1369	99.7735	195.366	-3.9499	-0.6765	-0.403	0.6164	367	369	53	1	13	0
0.0061	0.2017	99.6809	195.311	-3.8656	-0.7234	-0.1837	0.6655	368	0	53	1	14	0
0.0118	0.0339	100.856	195.887	-3.8095	0.3269	0.8242	0.4624	64	371	54	1	1	1
0.0118	0.1566	100.867	195.915	-3.7939	0.1629	-0.0102	0.9866	370	372	54	1	2	0
0.0118	0.1131	100.889	195.911	-3.6387	0.2448	-0.1085	0.9635	371	373	54	1	3	0
0.0118	0.1062	100.902	195.911	-3.5218	0.3639	-0.1633	0.917	372	374	54	1	4	0
0.0118	0.0901	100.938	195.891	-3.4239	0.2218	-0.0689	0.9727	373	375	54	1	5	0
0.0118	0.1304	100.952	195.897	-3.3337	0.087	-0.1656	0.9824	374	376	54	1	6	0
0.0116	0.0952	100.963	195.875	-3.2055	-0.1191	0.9734	0.1955	375	377	54	1	7	0
0.0108	0.1557	100.952	195.968	-3.1869	0.3002	0.6609	0.6878	376	378	54	1	8	0
0.0096	0.1125	100.998	196.071	-3.0799	-0.0362	0.7176	0.6955	377	379	54	1	9	0
0.0086	0.1111	100.994	196.152	-3.0016	0.5206	0.6646	0.536	378	380	54	1	10	0
0.0065	0.1456	101.052	196.225	-2.942	0.3771	0.7159	0.5876	379	0	54	1	11	0
0.0127	0.0429	100.805	196.025	-3.9451	-0.3738	-0.8653	-0.334	63	382	55	1	1	1
0.0076	0.1467	100.789	195.988	-3.9595	-0.3076	-0.1639	0.9373	381	383	55	1	2	0
0.0025	0.2076	100.775	195.963	-3.8043	-0.471	0.297	0.8306	382	0	55	1	3	0
0.0118	0.0143	100.869	195.87	-3.8349	0.6276	-0.2456	-0.7387	64	385	56	1	1	1
0.0118	0.1252	100.857	195.892	-3.8676	0.8161	0.2205	-0.5343	384	386	56	1	2	0
0.0118	0.1072	100.955	195.919	-3.9402	0.2216	0.9428	-0.2491	385	387	56	1	3	0
0.0118	0.1393	100.973	196.019	-3.9629	0.0006	0.9677	0.252	386	388	56	1	4	0
0.0112	0.123	100.973	196.154	-3.9278	-0.0872	0.9938	0.0692	387	389	56	1	5	0
0.0095	0.1819	100.962	196.276	-3.9193	0.047	0.8927	0.4483	388	390	56	1	6	0
0.0073	0.1364	100.971	196.439	-3.8378	0.2142	0.5218	0.8257	389	391	56	1	7	0
0.005	0.1465	101	196.51	-3.7252	0.1491	0.6304	0.7618	390	0	56	1	8	0
0.011	0.018	100.789	195.845	-3.7087	-0.2671	-0.3181	0.9096	65	393	57	1	1	1
0.011	0.2168	100.785	195.84	-3.6923	-0.1576	-0.9163	0.3682	392	394	57	1	2	0
0.011	0.1745	100.75	195.647	-3.6005	-0.4832	-0.7769	0.4037	393	395	57	1	3	0
0.011	0.1749	100.65	195.523	-3.5258	-0.4444	-0.7822	0.4366	394	396	57	1	4	0
0.0106	0.1568	100.585	195.384	-3.4445	-0.3701	-0.6809	0.632	395	397	57	1	5	0
0.0097	0.1759	100.529	195.288	-3.3382	-0.4339	-0.4394	0.7865	396	398	57	1	6	0
0.0083	0.2215	100.458	195.206	-3.1997	-0.5796	-0.5881	0.5642	397	399	57	1	7	0
0.0066	0.2008	100.33	195.075	-3.0747	-0.4828	-0.5159	0.7077	398	400	57	1	8	0
0.0044	0.228	100.232	194.976	-2.9317	-0.3384	-0.2329	0.9117	399	0	57	1	9	0
0.0073	0.0377	100.463	195.837	-3.202	-0.0979	0.8038	-0.5867	69	402	58	1	1	1
0.0036	0.2061	100.481	195.868	-3.2163	-0.1532	0.9231	0.3526	401	0	58	1	2	0
0.0055	0.0225	100.297	195.844	-2.9869	0.4049	-0.7648	-0.501	71	404	59	1	1	1
0.0045	0.1599	100.306	195.827	-2.9982	-0.2643	-0.7038	0.6594	403	405	59	1	2	0
0.0035	0.1531	100.265	195.71	-2.8946	-0.4779	-0.5111	0.7144	404	406	59	1	3	0
0.0025	0.1833	100.192	195.632	-2.7852	-0.442	-0.6187	0.6496	405	0	59	1	4	0
0.0055	0.0692	100.293	195.864	-2.9761	0.2155	0.8996	0.3798	71	408	60	1	1	1
0.0028	0.1984	100.308	195.926	-2.9498	0.2989	0.6393	0.7084	407	0	60	1	2	0
0.0231	0.0258	101.336	195.644	-13.9036	0.7059	0.7081	-0.0175	84	410	61	2	1	1
0.0115	0.3488	101.34	195.666	-13.9029	0.2517	0.9351	0.2494	409	0	61	2	2	0
0.0125	0.0356	101.046	195.665	-13.727	-0.9268	0.1954	0.3208	85	412	62	2	1	1
0.0063	0.3118	101.013	195.672	-13.7156	-0.4749	0.6997	0.5338	411	0	62	2	2	0
0.0166	0.0154	101.401	195.68	-12.584	0.6861	-0.3203	0.6532	96	414	63	2	1	1
0.0083	0.1635	101.412	195.675	-12.574	-0.5391	0.1446	0.8298	413	0	63	2	2	0
0.0153	0.0927	101.321	196.428	-10.1921	0.2787	-0.8309	0.4816	117	416	64	2	1	1
0.0076	0.1875	101.347	196.351	-10.1474	-0.8789	0.1713	0.4452	415	0	64	2	2	0
0.0166	0.1002	101.301	196.167	-10.3413	-0.178	0.9052	0.386	115	0	65	2	1	0
0.017	0.0583	101.315	196.611	-9.9818	-0.2776	0.1175	0.9535	119	419	66	2	1	1
0.0098	0.2178	101.298	196.618	-9.9262	0.2344	-0.771	0.5922	418	420	66	2	2	0
0.0025	0.1525	101.352	196.45	-9.7963	-0.2753	-0.6167	0.7375	419	0	66	2	3	0
0.0182	0.0602	101.352	196.946	-9.7589	0.5121	0.3125	0.8001	122	422	67	2	1	1
0.0091	0.1653	101.364	196.96	-9.7256	0.3015	-0.9485	-0.0974	421	0	67	2	2	0
0.0171	0.2168	101.327	197.209	-9.6069	-0.9624	0.2232	0.1547	124	424	68	2	1	0
0.0171	0.1784	101.118	197.273	-9.5893	-0.8925	0.3029	0.3343	423	425	68	2	2	0
0.0171	0.201	100.961	197.341	-9.5066	-0.9259	0.3588	-0.1181	424	426	68	2	3	0
0.0166	0.1344	100.771	197.415	-9.5373	-0.6805	0.5327	0.5031	425	427	68	2	4	0
0.015	0.1593	100.673	197.477	-9.4754	-0.7538	0.6427	-0.1372	426	428	68	2	5	0
0.0118	0.1748	100.56	197.587	-9.5005	-0.6767	0.7	0.2282	427	429	68	2	6	0
0.0104	0.1505	100.434	197.709	-9.4712	-0.6342	0.6224	0.4587	428	430	68	2	7	0
0.0079	0.1173	100.32	197.803	-9.4068	-0.2378	0.242	0.9407	429	431	68	2	8	0
0.0053	0.1569	100.293	197.831	-9.2964	-0.2408	0.9648	-0.1058	430	0	68	2	9	0
0.0166	0.0482	101.359	197.292	-9.5829	0.5743	0.7492	-0.3299	125	433	69	2	1	1
0.0166	0.1653	101.386	197.329	-9.5988	0.1631	0.092	-0.9823	432	434	69	2	2	0
0.0166	0.1108	101.419	197.365	-9.7823	-0.3546	-0.6091	-0.7094	433	435	69	2	3	0
0.0166	0.1709	101.395	197.328	-9.8595	0.2248	-0.0717	-0.9718	434	436	69	2	4	0
0.0152	0.1712	101.444	197.32	-10.0264	-0.0835	0.0124	-0.9964	435	437	69	2	5	0
0.0149	0.0789	101.413	197.31	-10.2026	0.3028	0.0263	-0.9527	436	438	69	2	6	0
0.0135	0.0988	101.437	197.312	-10.2777	-0.9141	0.1317	0.3834	437	439	69	2	7	0
0.0121	0.0751	101.347	197.325	-10.2399	0.0247	-0.4951	-0.8685	438	440	69	2	8	0
0.01	0.1599	101.36	197.289	-10.3051	0.0175	-0.1571	-0.9874	439	441	69	2	9	0
0.0069	0.1495	101.362	197.259	-10.4633	-0.3147	0.0759	-0.9462	440	0	69	2	10	0
0.016	0.0107	101.394	197.351	-9.5133	0.6805	-0.1062	-0.725	126	443	70	2	1	1
0.008	0.2031	101.392	197.329	-9.5258	-0.534	0.4127	-0.738	442	0	70	2	2	0
0.0136	0.0451	101.478	197.695	-9.3038	-0.1421	0.3868	0.9111	129	445	71	2	1	1
0.0068	0.1651	101.484	197.717	-9.2704	0.1945	0.7185	0.6678	444	0	71	2	2	0
0.0077	0.0702	101.395	197.46	-9.4212	-0.2362	-0.558	0.7956	127	447	72	2	1	1
0.0039	0.0446	101.378	197.421	-9.3654	-0.6088	-0.107	0.7861	446	0	72	2	2	0
0.0136	0.0325	101.49	197.699	-9.3188	0.6628	0.7414	0.1047	129	449	73	2	1	1
0.0136	0.2268	101.511	197.723	-9.3154	0.9561	0.2405	0.1673	448	450	73	2	2	0
0.0134	0.1686	101.717	197.766	-9.2694	0.7823	-0.5505	0.2915	449	451	73	2	3	0
0.0132	0.1303	101.848	197.683	-9.2063	0.693	-0.579	0.4296	450	452	73	2	4	0
0.0117	0.1778	101.941	197.582	-9.1542	0.9283	0.0181	0.3713	451	453	73	2	5	0
0.0088	0.2381	102.106	197.574	-9.0929	0.8569	-0.1665	0.4879	452	0	73	2	6	0
0.016	0.1601	101.361	197.35	-9.5019	-0.2925	-0.1754	0.9401	126	455	74	2	1	0
0.008	0.1439	101.326	197.309	-9.3473	-0.5338	-0.2335	0.8127	454	0	74	2	2	0
0.0113	0.0355	101.245	197.925	-9.2075	-0.6271	0.3707	0.685	131	457	75	2	1	1
0.0069	0.2532	101.223	197.939	-9.1832	-0.6432	-0.7093	0.2885	456	458	75	2	2	0
0.0025	0.1269	101.06	197.758	-9.1105	-0.5959	-0.6229	0.5068	457	0	75	2	3	0
0.0088	0.0539	101.148	198.122	-9.0098	0.7015	-0.1523	0.6962	133	460	76	2	1	1
0.0044	0.1662	101.179	198.119	-8.9771	-0.704	-0.6031	0.3749	459	0	76	2	2	0
0.0112	0.135	101.392	196.026	-9.6401	-0.6395	-0.4758	0.6039	141	462	77	2	1	1
0.0056	0.0546	101.317	195.968	-9.5563	-0.332	0.2735	0.9028	461	0	77	2	2	0
0.0152	0.0405	101.503	195.992	-9.9756	0.6298	-0.7501	-0.2017	145	464	78	2	1	1
0.0089	0.2542	101.529	195.962	-9.9837	0.9196	-0.3852	-0.0772	463	465	78	2	2	0
0.0025	0.3062	101.763	195.863	-10.0059	0.8878	-0.2737	0.37	464	0	78	2	3	0
0.0077	0.0321	101.328	196.355	-9.4629	0.5465	0.3737	0.7494	151	467	79	2	1	1
0.0039	0.1596	101.346	196.367	-9.4388	0.6641	0.3651	0.6524	466	0	79	2	2	0
0.0154	0.088	100.773	195.441	-5.6123	-0.9728	-0.2218	-0.0668	160	469	80	2	1	1
0.0154	0.1669	100.731	195.435	-5.6246	0.1596	-0.0404	0.9864	468	470	80	2	2	0
0.0154	0.1426	100.764	195.43	-5.4633	0.3019	0.4422	0.8446	469	471	80	2	3	0
0.0148	0.1705	100.815	195.482	-5.3422	0.5674	0.4263	0.7045	470	472	80	2	4	0
0.0137	0.1564	100.903	195.554	-5.2167	0.5103	0.1739	0.8422	471	473	80	2	5	0
0.0118	0.1261	100.975	195.566	-5.0838	0.5109	-0.2349	0.8269	472	474	80	2	6	0
0.0096	0.1588	101.054	195.542	-4.9867	0.506	-0.3342	0.7951	473	475	80	2	7	0
0.0065	0.1956	101.132	195.494	-4.8577	0.3757	-0.3251	0.8679	474	0	80	2	8	0
0.015	0.0337	101.694	195.577	-6.9362	0.5589	0.5331	-0.6351	187	477	81	2	1	1
0.015	0.1861	101.696	195.596	-6.9505	0.1861	0.93	0.3171	476	478	81	2	2	0
0.015	0.1846	101.725	195.771	-6.8869	0.2032	0.975	-0.0894	477	479	81	2	3	0
0.0123	0.1639	101.764	195.953	-6.8882	-0.1799	0.9763	-0.1208	478	480	81	2	4	0
0.0075	0.2434	101.736	196.115	-6.9139	-0.2108	0.9283	0.3064	479	0	81	2	5	0
0.0123	0.0631	101.937	195.407	-6.6795	-0.1457	-0.6845	0.7143	190	482	82	2	1	1
0.0062	0.1584	101.928	195.364	-6.6345	-0.5642	-0.6136	0.5524	481	0	82	2	2	0
0.0123	0.0681	101.951	195.425	-6.6799	0.6814	0.4617	0.5679	190	484	83	2	1	1
0.0062	0.1587	101.976	195.43	-6.6489	-0.1927	-0.1223	0.9736	483	0	83	2	2	0
0.0089	0.03	102.16	195.373	-6.5373	0.0919	0.9477	0.3057	193	486	84	2	1	1
0.0089	0.2236	102.163	195.402	-6.5281	0.3151	0.9208	0.23	485	487	84	2	2	0
0.0088	0.1279	102.235	195.607	-6.4762	0.1652	0.9585	0.2322	486	488	84	2	3	0
0.0074	0.1264	102.256	195.73	-6.4465	-0.0152	0.9578	0.287	487	489	84	2	4	0
0.0051	0.1744	102.254	195.851	-6.4102	0.4496	0.8732	0.1881	488	0	84	2	5	0
0.0177	0.1917	100.914	195.875	-7.335	-0.8634	0.3158	0.3934	195	0	85	2	1	0
0.0137	0.0425	99.9242	196.267	-6.9489	-0.923	0.1055	-0.3701	201	492	86	2	1	1
0.0137	0.1668	99.9018	196.276	-6.957	-0.2608	-0.5004	0.8256	491	493	86	2	2	0
0.0137	0.1438	99.8523	196.194	-6.815	0.3938	-0.492	0.7764	492	494	86	2	3	0
0.0135	0.1333	99.9125	196.117	-6.7094	0.2083	-0.6425	0.7374	493	495	86	2	4	0
0.013	0.1322	99.9439	196.019	-6.6125	0.046	-0.0944	0.9945	494	496	86	2	5	0
0.0118	0.1297	99.9249	196.021	-6.4917	-0.4392	-0.1006	0.8927	495	497	86	2	6	0
0.0101	0.1479	99.871	196.014	-6.3708	-0.9246	0.2137	0.3153	496	498	86	2	7	0
0.008	0.1491	99.7342	196.046	-6.3242	-0.4893	0.1239	0.8632	497	499	86	2	8	0
0.0051	0.1842	99.6631	196.058	-6.1917	-0.6082	0.2761	0.7442	498	0	86	2	9	0
0.0135	0.0737	100.608	196.013	-7.1581	0.9848	0.0514	-0.1657	196	501	87	2	1	1
0.0135	0.226	100.68	196.017	-7.1703	0.2226	0.8733	0.4333	500	502	87	2	2	0
0.0147	0.1058	100.726	196.217	-7.0838	0.2139	0.9568	0.1967	501	503	87	2	3	0
0.0138	0.1923	100.745	196.32	-7.0494	0.2891	0.9569	-0.0267	502	504	87	2	4	0
0.0119	0.1673	100.791	196.506	-7.0433	0.2434	0.9691	0.0395	503	505	87	2	5	0
0.01	0.0901	100.823	196.68	-7.037	0.7878	0.6138	0.051	504	506	87	2	6	0
0.0077	0.1764	100.894	196.735	-7.0324	0.5074	0.6679	0.5444	505	0	87	2	7	0
0.0138	0.0467	99.8939	196.432	-6.9642	-0.2135	-0.8611	-0.4614	202	508	88	2	1	1
0.0138	0.2081	99.884	196.392	-6.9857	-0.845	0.3609	0.3945	507	509	88	2	2	0
0.0137	0.1334	99.7104	196.453	-6.8611	-0.9344	0.3183	0.1599	508	510	88	2	3	0
0.0113	0.1503	99.596	196.504	-6.8358	-0.5963	0.3922	0.7005	509	511	88	2	4	0
0.007	0.2043	99.5111	196.558	-6.7233	-0.7055	0.2802	0.6509	510	0	88	2	5	0
0.0138	0.0789	99.9098	196.44	-6.9419	0.5863	-0.4526	0.6719	202	513	89	2	1	1
0.0138	0.2006	99.956	196.404	-6.8889	0.9799	0.0427	0.1948	512	514	89	2	2	0
0.0133	0.1581	100.151	196.411	-6.8389	0.9639	-0.2526	0.0846	513	515	89	2	3	0
0.0128	0.1379	100.303	196.364	-6.8306	0.8515	-0.3043	0.4269	514	516	89	2	4	0
0.0112	0.1277	100.422	196.311	-6.7801	0.777	-0.3584	0.5175	515	517	89	2	5	0
0.0089	0.1781	100.524	196.265	-6.7162	0.5075	0.0559	0.8598	516	0	89	2	6	0
0.0097	0.0228	99.7806	196.905	-6.9342	0.8255	0.0982	-0.5559	205	519	90	2	1	1
0.0048	0.2277	99.7994	196.907	-6.9468	0.9345	0.2908	0.2055	518	0	90	2	2	0
0.0138	0.0293	101.174	195.999	-6.7573	0.4702	0.8025	-0.3674	211	521	91	2	1	1
0.0081	0.272	101.188	196.022	-6.7681	0.017	0.9532	-0.3018	520	522	91	2	2	0
0.0025	0.2172	101.187	196.282	-6.8399	0.169	0.9822	0.0822	521	0	91	2	3	0
0.0138	0.0643	101.389	196.016	-6.6037	-0.8153	0.5737	0.0782	213	524	92	2	1	1
0.0069	0.2187	101.336	196.052	-6.5986	-0.3951	0.7849	0.4774	523	0	92	2	2	0
0.0159	0.0321	101.421	195.999	-6.5989	0.8953	-0.3085	0.3213	213	526	93	2	1	1
0.0092	0.1893	101.45	195.989	-6.5886	0.9561	0	0.2931	525	527	93	2	2	0
0.0025	0.2085	101.631	195.982	-6.5341	0.8132	-0.0922	0.5747	526	0	93	2	3	0
0.0115	0.022	101.44	196.081	-6.5433	0.6343	0.7544	0.169	214	529	94	2	1	1
0.0058	0.1363	101.454	196.098	-6.5396	0.2172	0.9428	0.2527	528	0	94	2	2	0
0.0158	0.0235	100.952	195.87	-6.2787	-0.058	0.1246	0.9905	226	531	95	2	1	1
0.0158	0.2081	100.951	195.873	-6.2554	0.3039	0.7116	0.6335	530	532	95	2	2	0
0.0158	0.1227	101.039	196.029	-6.1453	0.1097	0.8946	0.4332	531	533	95	2	3	0
0.0158	0.204	101.059	196.139	-6.1144	0.5067	0.8432	0.1798	532	534	95	2	4	0
0.0144	0.1549	101.169	196.307	-6.0751	0.4049	0.869	0.2845	533	535	95	2	5	0
0.0123	0.1873	101.23	196.448	-6.0411	0.609	0.7233	0.3255	534	536	95	2	6	0
0.0094	0.1792	101.338	196.589	-5.9849	0.4034	0.7936	0.4555	535	537	95	2	7	0
0.0061	0.1794	101.395	196.73	-5.8963	0.2624	0.6721	0.6924	536	0	95	2	8	0
0.0121	0.0151	101.627	195.915	-6.0555	0.1862	-0.9805	-0.0629	231	539	96	2	1	1
0.0121	0.1765	101.629	195.9	-6.0564	0.3201	-0.947	-0.0284	538	540	96	2	2	0
0.0121	0.1876	101.676	195.732	-6.0761	0.7868	-0.3261	-0.524	539	541	96	2	3	0
0.0121	0.1622	101.835	195.691	-6.1773	0.8717	-0.4876	0.0497	540	542	96	2	4	0
0.0113	0.1853	101.974	195.609	-6.1679	0.8305	-0.5342	0.1574	541	543	96	2	5	0
0.0098	0.1406	102.12	195.502	-6.1462	0.6409	-0.7538	0.1447	542	544	96	2	6	0
0.0083	0.1446	102.205	195.399	-6.1124	0.8871	-0.2217	0.4049	543	545	96	2	7	0
0.0057	0.2633	102.332	195.365	-6.0522	0.6637	0.2332	0.7107	544	0	96	2	8	0
0.0136	0.0463	101.909	196.082	-6.1242	0.4683	0.4655	0.751	233	547	97	2	1	1
0.0099	0.16	101.93	196.104	-6.0894	-0.6058	0.6983	0.3812	546	548	97	2	2	0
0.0062	0.146	101.861	196.233	-6.052	0.0397	0.784	0.6194	547	549	97	2	3	0
0.0025	0.2313	101.867	196.347	-5.9615	-0.9307	-0.3653	-0.0204	548	0	97	2	4	0
0.0099	0.0637	102.2	196.267	-6.0393	-0.705	0.2947	-0.6451	235	551	98	2	1	1
0.0049	0.2233	102.155	196.285	-6.0804	-0.127	0.9918	0.0113	550	0	98	2	2	0
0.0099	0.0565	102.247	196.259	-6.011	0.9202	-0.0108	0.3913	235	553	99	2	1	1
0.0049	0.1055	102.299	196.258	-5.9889	-0.1968	0.7862	0.5858	552	0	99	2	2	0
0.0129	0.0413	100.285	196.227	-5.2161	-0.5451	0.6559	0.5222	245	555	100	2	1	1
0.0064	0.2061	100.273	196.252	-5.1991	0.2864	0.8816	0.3752	554	0	100	2	2	0
0.0132	0.0566	100.46	195.855	-5.2301	-0.0924	-0.9184	0.3847	242	557	101	2	1	1
0.0096	0.2017	100.454	195.803	-5.2083	-0.8968	0.3328	0.2917	556	558	101	2	2	0
0.0061	0.1436	100.274	195.871	-5.1491	-0.9164	0.3273	0.2303	557	559	101	2	3	0
0.0025	0.2201	100.145	195.921	-5.1118	-0.9186	0.2797	0.279	558	0	101	2	4	0
0.0157	0.0239	101.676	195.39	-5.369	0.2162	-0.1183	0.9692	257	561	102	2	1	1
0.0091	0.3059	101.682	195.387	-5.3458	-0.7345	-0.6782	-0.0228	560	562	102	2	2	0
0.0025	0.1628	101.457	195.179	-5.3543	-0.7815	-0.5511	0.2923	561	0	102	2	3	0
0.0155	0.0191	101.744	195.369	-5.322	0.5104	0.4851	0.71	258	564	103	2	1	1
0.0112	0.186	101.754	195.378	-5.3084	0.5432	0.8386	0.0396	563	565	103	2	2	0
0.0068	0.1361	101.855	195.534	-5.3007	0.4725	0.8455	-0.2488	564	566	103	2	3	0
0.0025	0.172	101.917	195.651	-5.3292	0.5382	0.8428	0.0027	565	0	103	2	4	0
0.0141	0.035	101.893	195.263	-5.2062	0.6995	0.1599	0.6965	260	568	104	2	1	1
0.0141	0.2136	101.891	195.289	-5.1776	-0.5566	-0.7927	0.2488	567	569	104	2	2	0
0.0133	0.1329	101.778	195.113	-5.1208	-0.748	-0.6637	-0.0049	568	570	104	2	3	0
0.0117	0.1905	101.689	195.005	-5.1095	-0.861	-0.506	-0.0512	569	571	104	2	4	0
0.0069	0.259	101.526	194.917	-5.1064	-0.8219	-0.4598	0.3362	570	0	104	2	5	0
0.011	0.0234	102.141	195.526	-5.1102	0.0683	0.9476	0.3119	263	573	105	2	1	1
0.0055	0.1584	102.142	195.548	-5.1029	0.1264	0.8643	0.4867	572	0	105	2	2	0
0.011	0.0481	102.156	195.511	-5.122	0.8922	-0.1207	-0.4352	263	575	106	2	1	1
0.0055	0.2062	102.199	195.506	-5.143	0.6129	-0.1757	0.7704	574	0	106	2	2	0
0.0208	0.035	100.818	195.97	-5.2336	0.0506	0.3525	0.9344	267	577	107	2	1	1
0.0147	0.1769	100.82	195.982	-5.2008	-0.1704	0.7421	0.6483	576	578	107	2	2	0
0.0086	0.1608	100.785	196.104	-5.0795	-0.3093	0.6311	0.7113	577	579	107	2	3	0
0.0025	0.1981	100.725	196.196	-4.9619	0.0188	0.3149	0.9489	578	0	107	2	4	0
0.0144	0.0228	100.813	195.952	-5.2289	-0.1383	-0.3336	0.9325	267	581	108	2	1	1
0.0072	0.2122	100.81	195.944	-5.2076	-0.5901	-0.7053	0.3928	580	0	108	2	2	0
0.0177	0.0328	101.114	195.699	-5.0202	0.9567	-0.0562	0.2855	270	583	109	2	1	1
0.0088	0.2092	101.133	195.713	-5.0134	0.1673	0.2629	0.9502	582	0	109	2	2	0
0.0151	0.0329	101.238	195.525	-4.9509	0.0757	-0.029	0.9967	272	585	110	2	1	1
0.0088	0.1617	101.241	195.534	-4.9277	0.0071	0.7048	0.7094	584	586	110	2	2	0
0.0025	0.2271	101.239	195.645	-4.8107	-0.0104	0.6331	0.774	585	0	110	2	3	0
0.0144	0.0397	101.334	195.353	-4.773	0.3881	-0.7148	0.5818	274	588	111	2	1	1
0.0144	0.2108	101.349	195.324	-4.7499	-0.7125	-0.658	0.2436	587	589	111	2	2	0
0.0157	0.1674	101.205	195.186	-4.6773	-0.8608	-0.4379	0.2592	588	590	111	2	3	0
0.0156	0.1443	101.066	195.108	-4.6312	-0.7564	-0.6173	0.2164	589	591	111	2	4	0
0.0148	0.1176	100.955	195.02	-4.5825	-0.7844	-0.6196	-0.0289	590	592	111	2	5	0
0.0136	0.1789	100.868	194.939	-4.5819	-0.8232	-0.2566	0.5065	591	593	111	2	6	0
0.0119	0.1665	100.733	194.891	-4.4811	-0.6485	-0.1117	0.753	592	594	111	2	7	0
0.0099	0.1947	100.606	194.874	-4.3672	-0.5298	-0.0609	0.8459	593	595	111	2	8	0
0.0064	0.1894	100.489	194.87	-4.2201	-0.7824	-0.0394	0.6215	594	0	111	2	9	0
0.0106	0.0611	101.677	195.534	-4.3038	-0.9914	-0.0301	0.1274	279	597	112	2	1	1
0.0053	0.2278	101.617	195.532	-4.296	-0.4357	-0.0928	0.8953	596	0	112	2	2	0
0.0143	0.0348	101.548	195.388	-4.4545	0.574	-0.4054	0.7115	277	599	113	2	1	1
0.0084	0.2125	101.568	195.374	-4.4297	-0.0329	-0.9923	0.1195	598	600	113	2	2	0
0.0025	0.2342	101.563	195.168	-4.4006	0.2463	-0.6943	0.6763	599	0	113	2	3	0
0.0127	0.1575	101.577	195.449	-4.3711	0.5229	-0.7025	0.4827	278	602	114	2	1	1
0.0064	0.0501	101.669	195.35	-4.2963	0.7645	-0.5886	0.2627	601	0	114	2	2	0
0.0153	0.0475	101.337	196.065	-4.8006	0.0661	0.2516	0.9656	287	604	115	2	1	1
0.0089	0.3012	101.34	196.077	-4.7547	0.4671	0.0842	0.8802	603	605	115	2	2	0
0.0025	0.1792	101.481	196.102	-4.4897	-0.7518	-0.4611	-0.4714	604	0	115	2	3	0
0.0133	0.0376	101.45	195.804	-4.734	0.6722	0.4531	0.5855	289	607	116	2	1	1
0.0067	0.1909	101.475	195.821	-4.712	0.9128	0.0359	0.4068	606	0	116	2	2	0
0.0167	0.0405	101.45	195.779	-4.743	0.5827	-0.8095	0.0716	289	609	117	2	1	1
0.0083	0.2649	101.462	195.757	-4.7351	-0.3518	-0.664	0.6598	608	0	117	2	2	0
0.0135	0.1029	101.454	195.789	-4.7454	0.9053	-0.4219	-0.0502	289	611	118	2	1	1
0.0068	0.0863	101.547	195.745	-4.7506	0.7198	-0.6903	-0.0732	610	0	118	2	2	0
0.0143	0.0594	100.651	195.944	-5.1002	-0.5667	-0.6972	0.4391	296	613	119	2	1	1
0.0143	0.2684	100.577	195.923	-5.1152	-0.5408	-0.8346	0.1046	612	614	119	2	2	0
0.0143	0.134	100.422	195.704	-5.0941	-0.5825	-0.7417	0.3325	613	615	119	2	3	0
0.0133	0.1493	100.323	195.615	-5.0475	-0.3858	-0.8595	0.3352	614	616	119	2	4	0
0.0115	0.1561	100.257	195.499	-4.9784	-0.6675	-0.7246	0.1716	615	617	119	2	5	0
0.0092	0.1728	100.159	195.382	-4.9494	-0.5032	-0.4344	0.7471	616	0	119	2	6	0
0.0159	0.0414	100.406	196.037	-5.1173	0.9589	0.1479	0.2422	298	619	120	2	1	1
0.0079	0.1966	100.446	196.043	-5.1073	-0.3991	0.7004	0.5918	618	0	120	2	2	0
0.0163	0.0176	100.925	196.194	-4.9041	-0.0547	0.9322	-0.3578	304	621	121	2	1	1
0.0163	0.2326	100.924	196.21	-4.9104	0.3652	0.9179	-0.1553	620	622	121	2	2	0
0.0177	0.1473	101.027	196.421	-4.9452	0.1114	0.9176	0.3816	621	623	121	2	3	0
0.0166	0.1255	101.044	196.549	-4.8816	0.2737	0.7081	0.6509	622	624	121	2	4	0
0.015	0.1357	101.084	196.635	-4.8014	0.1479	-0.2123	0.966	623	625	121	2	5	0
0.0126	0.1413	101.104	196.607	-4.6703	0.077	0.052	0.9957	624	626	121	2	6	0
0.0087	0.222	101.116	196.625	-4.5413	0.4547	0.6352	0.6243	625	0	121	2	7	0
0.0152	0.0238	100.758	196.598	-4.9608	-0.0851	0.9543	-0.2865	307	628	122	2	1	1
0.011	0.1852	100.756	196.621	-4.9677	0.6229	0.7622	0.1763	627	629	122	2	2	0
0.0067	0.1409	100.871	196.763	-4.9427	0.4991	0.8665	-0.0104	628	630	122	2	3	0
0.0025	0.1357	100.938	196.891	-4.9529	0.3673	0.8349	0.4098	629	0	122	2	4	0
0.0147	0.0368	100.393	196.071	-4.3442	-0.8584	0.0043	-0.513	326	632	123	2	1	1
0.0074	0.2325	100.353	196.074	-4.3415	-0.2001	0.9562	-0.2136	631	0	123	2	2	0
0.0144	0.0668	100.934	195.964	-4.2906	0.258	-0.3367	0.9056	334	634	124	2	1	1
0.0072	0.1356	100.951	195.941	-4.2301	0.1293	-0.0204	0.9914	633	0	124	2	2	0
0.0144	0.0485	100.938	195.963	-4.3232	0.6687	-0.5863	-0.4573	334	636	125	2	1	1
0.0072	0.1105	100.971	195.935	-4.3454	-0.385	0.2744	-0.8812	635	0	125	2	2	0
0.014	0.2835	101.325	195.799	-3.7415	-0.4607	0.8804	0.112	339	638	126	2	1	0
0.0082	0.147	101.198	196.05	-3.7111	-0.3358	0.9415	-0.0277	637	639	126	2	2	0
0.0025	0.1219	101.148	196.187	-3.7106	-0.3029	0.8954	0.3263	638	0	126	2	3	0
0.0129	0.031	101.359	195.781	-3.6617	-0.3879	0.0276	0.9213	340	641	127	2	1	1
0.0077	0.2631	101.347	195.782	-3.6332	-0.8078	-0.466	0.361	640	642	127	2	2	0
0.0025	0.1664	101.138	195.646	-3.5592	-0.9139	-0.3931	0.1016	641	0	127	2	3	0
0.0117	0.0287	101.423	195.779	-3.5601	-0.1113	0.1106	0.9876	341	644	128	2	1	1
0.0059	0.1895	101.42	195.782	-3.5318	-0.6037	0.0378	0.7963	643	0	128	2	2	0
0.0074	0.0606	101.542	195.779	-3.3255	0.1632	0.4722	-0.8662	343	646	129	2	1	1
0.0037	0.2254	101.552	195.807	-3.378	0.7059	0.6728	0.2215	645	0	129	2	2	0
0.0074	0.0908	101.546	195.783	-3.2996	0.2467	0.4233	0.8718	343	648	130	2	1	1
0.005	0.2034	101.538	195.808	-3.2192	-0.167	0.447	0.8788	647	649	130	2	2	0
0.0025	0.227	101.504	195.899	-3.0404	-0.7085	0.6966	0.1134	648	0	130	2	3	0
0.0132	0.0164	100.614	195.971	-3.9159	0.3146	-0.6317	-0.7085	347	651	131	2	1	1
0.0132	0.1997	100.619	195.96	-3.9275	0.293	-0.94	0.175	650	652	131	2	2	0
0.0132	0.1364	100.673	195.772	-3.8936	0.0622	-0.9976	0.0296	651	653	131	2	3	0
0.0132	0.1659	100.7	195.634	-3.891	-0.112	-0.9886	0.1004	652	654	131	2	4	0
0.012	0.1842	100.698	195.473	-3.8584	-0.0246	-0.9726	0.2313	653	655	131	2	5	0
0.0103	0.1394	100.687	195.297	-3.8113	-0.0859	-0.8422	0.5323	654	656	131	2	6	0
0.0082	0.1653	100.667	195.18	-3.7387	-0.1057	-0.7225	0.6832	655	657	131	2	7	0
0.0056	0.1572	100.649	195.06	-3.6257	-0.2304	-0.344	0.9103	656	0	131	2	8	0
0.0132	0.0523	100.52	195.992	-3.7597	-0.3567	-0.5805	0.732	348	659	132	2	1	1
0.0066	0.1937	100.498	195.956	-3.6913	0.2026	-0.9677	-0.1497	658	0	132	2	2	0
0.0132	0.0436	100.462	196.025	-3.6789	0.8013	-0.2417	-0.5472	349	661	133	2	1	1
0.0066	0.249	100.497	196.014	-3.7028	-0.4377	0.8827	0.1709	660	0	133	2	2	0
0.0127	0.0102	100.392	195.996	-3.5667	-0.2474	-0.8735	0.4192	350	663	134	2	1	1
0.0064	0.2134	100.389	195.987	-3.5624	-0.1403	-0.9792	0.1469	662	0	134	2	2	0
0.0127	0.0533	100.392	196.023	-3.5676	-0.2543	0.9117	0.3227	350	665	135	2	1	1
0.0093	0.1693	100.378	196.075	-3.5624	-0.1656	0.9378	0.3053	664	666	135	2	2	0
0.0059	0.1357	100.35	196.234	-3.5107	-0.1862	0.8859	0.4248	665	667	135	2	3	0
0.0025	0.1535	100.325	196.354	-3.453	0.1264	0.9513	0.2813	666	0	135	2	4	0
0.0093	0.0693	100.148	196.032	-3.2902	0.4086	0.846	-0.3424	353	669	136	2	1	1
0.0047	0.2566	100.176	196.09	-3.3139	-0.4514	0.6723	0.5868	668	0	136	2	2	0
0.0132	0.1057	100.796	196.027	-4.1528	-0.9462	0.3092	-0.0957	356	671	137	2	1	1
0.0132	0.229	100.696	196.06	-4.163	-0.2352	0.6858	0.6887	670	672	137	2	2	0
0.0132	0.1328	100.659	196.224	-4.0166	-0.1629	0.9285	0.3337	671	673	137	2	3	0
0.0132	0.1605	100.622	196.345	-3.9863	-0.6691	0.325	0.6684	672	674	137	2	4	0
0.0123	0.1582	100.525	196.4	-3.8637	-0.8264	0.2223	0.5174	673	675	137	2	5	0
0.0112	0.1037	100.398	196.442	-3.7768	-0.9098	0.1073	0.4009	674	676	137	2	6	0
0.0099	0.1638	100.3	196.455	-3.7446	-0.7935	0.4644	0.3934	675	677	137	2	7	0
0.0081	0.1458	100.17	196.531	-3.6802	-0.8252	0.3759	0.4216	676	678	137	2	8	0
0.0053	0.2292	100.05	196.586	-3.6187	-0.6855	0.4687	0.5572	677	0	137	2	9	0
0.0132	0.2026	100.298	196.091	-4.0735	-0.9842	0.1312	-0.1192	361	0	138	2	1	0
0.0132	0.0277	100.329	196.065	-4.0963	0.8666	-0.4833	-0.1239	361	681	139	2	1	1
0.0079	0.2615	100.385	196.061	-4.093	-0.158	-0.1725	0.9723	680	682	139	2	2	0
0.0025	0.2291	100.345	196.017	-3.8423	0.5486	0.6997	0.4576	681	0	139	2	3	0
0.0132	0.0346	100.336	195.991	-4.1173	-0.307	-0.2559	0.9167	362	684	140	2	1	1
0.0066	0.1273	100.326	195.982	-4.0856	-0.2103	-0.8598	0.4653	683	0	140	2	2	0
0.0098	0.0464	99.9957	195.523	-4.0816	0.7571	-0.3847	-0.528	366	686	141	2	1	1
0.0049	0.2457	100.03	195.508	-4.0883	0.7001	-0.6957	0.1609	685	0	141	2	2	0
0.0112	0.0178	100.932	195.891	-3.3958	-0.1891	0.0182	0.9818	374	688	142	2	1	1
0.0068	0.235	100.929	195.891	-3.3783	-0.7074	-0.0239	0.7065	687	689	142	2	2	0
0.0025	0.1868	100.762	195.88	-3.2104	-0.7338	-0.1511	-0.6624	688	0	142	2	3	0
0.0112	0.0652	100.954	195.883	-3.3218	0.1113	-0.7562	0.6448	375	691	143	2	1	1
0.0068	0.2432	100.976	195.827	-3.2853	-0.2466	-0.874	0.4186	690	692	143	2	2	0
0.0025	0.1895	100.916	195.614	-3.1835	-0.2777	-0.621	0.733	691	0	143	2	3	0
0.0082	0.025	100.983	196.148	-3.0017	-0.9593	-0.2824	-0.0088	379	694	144	2	1	1
0.0041	0.1236	100.96	196.147	-3.0081	-0.7993	0.4905	0.3473	693	0	144	2	2	0
0.0105	0.0352	100.638	195.513	-3.508	-0.4867	-0.423	0.7643	395	696	145	2	1	1
0.0065	0.2366	100.621	195.499	-3.4811	0.099	0.5632	0.8204	695	697	145	2	2	0
0.0025	0.2055	100.646	195.648	-3.3013	-0.029	0.6691	0.7426	696	0	145	2	3	0
0.0079	0.0648	100.456	195.21	-3.2092	-0.1913	0.4444	-0.8752	398	699	146	2	1	1
0.0039	0.2124	100.443	195.239	-3.2659	-0.7391	0.504	0.4469	698	0	146	2	2	0
0.0035	0.213	100.472	195.902	-3.2034	-0.2472	0.9078	0.3388	402	701	147	2	1	1
0.0017	0.2404	100.437	196.1	-3.12	-0.3947	0.8866	0.2409	700	0	147	2	2	0
0.0025	0.112	101.353	196.449	-9.7938	0.5556	-0.3251	0.7652	420	703	148	3	1	1
0.0013	0.2349	101.415	196.403	-9.71	0.9485	-0.084	0.3055	702	0	148	3	2	0
0.0173	0.1054	101.363	196.931	-9.7546	0.6043	-0.7634	0.2283	421	705	149	3	1	1
0.0087	0.2341	101.426	196.863	-9.7291	0.8771	0.039	0.4788	704	0	149	3	2	0
0.0142	0.0302	100.675	197.46	-9.4633	0.1224	-0.7995	0.5881	427	707	150	3	1	1
0.0103	0.1877	100.679	197.436	-9.4455	0.1509	0.5342	0.8318	706	708	150	3	2	0
0.0064	0.1214	100.705	197.553	-9.2987	0.0366	0.4914	0.8702	707	709	150	3	3	0
0.0025	0.2733	100.712	197.611	-9.1917	0.06	0.6281	0.7758	708	0	150	3	4	0
0.0129	0.0621	101.442	197.325	-10.2808	0.3183	0.9225	-0.2185	438	711	151	3	1	1
0.0064	0.2172	101.461	197.382	-10.2944	0.7146	0.5322	-0.454	710	0	151	3	2	0
0.0115	0.055	101.346	197.336	-10.246	-0.0582	0.8601	-0.5067	439	713	152	3	1	1
0.0058	0.2464	101.343	197.37	-10.2828	0.4472	0.4988	-0.7424	712	0	152	3	2	0
0.0115	0.0612	101.335	197.32	-10.2422	-0.9129	-0.3646	-0.1834	439	715	153	3	1	1
0.0058	0.2062	101.279	197.298	-10.2534	-0.6424	0.3809	-0.665	714	0	153	3	2	0
0.0076	0.186	101.378	197.344	-9.5595	-0.3745	0.3621	-0.8536	443	717	154	3	1	1
0.0038	0.2302	101.308	197.411	-9.7182	-0.4348	0.1811	-0.8822	716	0	154	3	2	0
0.0128	0.0463	101.716	197.783	-9.2754	-0.0695	0.9413	-0.3302	450	719	155	3	1	1
0.0093	0.1676	101.727	197.817	-9.2927	0.4905	0.611	0.6214	718	720	155	3	2	0
0.0059	0.188	101.809	197.92	-9.1886	0.6676	0.3673	0.6476	719	721	155	3	3	0
0.0025	0.2652	101.936	197.988	-9.068	0.5565	0.7026	0.4435	720	0	155	3	4	0
0.0128	0.0591	101.727	197.743	-9.2589	0.3735	-0.8435	0.386	450	723	156	3	1	1
0.0064	0.2558	101.749	197.693	-9.2361	-0.779	-0.6129	0.1326	722	0	156	3	2	0
0.0126	0.058	101.867	197.68	-9.1883	0.7048	-0.1203	0.6991	451	725	157	3	1	1
0.0063	0.1445	101.907	197.673	-9.1477	-0.4236	0.6293	0.6516	724	0	157	3	2	0
0.0111	0.0221	101.954	197.572	-9.1438	0.6827	-0.5196	0.5138	452	727	158	3	1	1
0.0055	0.1888	101.969	197.56	-9.1325	-0.127	-0.2387	0.9628	726	0	158	3	2	0
0.0076	0.0869	101.324	197.299	-9.3385	-0.1325	-0.7222	0.6789	455	729	159	3	1	1
0.0076	0.1855	101.313	197.236	-9.2795	-0.0051	-0.9094	0.4159	728	730	159	3	2	0
0.0076	0.1409	101.308	197.064	-9.2073	0.1465	-0.823	0.5488	729	731	159	3	3	0
0.0074	0.1253	101.327	196.946	-9.1324	0.3288	-0.8691	0.3695	730	732	159	3	4	0
0.0067	0.1439	101.369	196.84	-9.0835	0.2747	-0.7392	0.6149	731	733	159	3	5	0
0.0055	0.218	101.41	196.747	-8.9882	0.1096	-0.4469	0.8878	732	0	159	3	6	0
0.0053	0.1706	101.331	195.964	-9.5775	0.9727	-0.0411	0.2283	462	0	160	3	1	0
0.0146	0.0931	100.718	195.432	-5.6119	-0.7124	-0.1629	0.6826	469	736	161	3	1	1
0.0146	0.2054	100.651	195.417	-5.5483	-0.6973	0.2767	0.6612	735	737	161	3	2	0
0.0141	0.1614	100.5	195.471	-5.4156	-0.4723	0.6925	0.5452	736	738	161	3	3	0
0.011	0.1466	100.424	195.584	-5.3269	-0.9135	0.1971	0.356	737	739	161	3	4	0
0.0072	0.1478	100.288	195.614	-5.2794	-0.9047	0.1979	0.3772	738	0	161	3	5	0
0.0141	0.0281	100.821	195.472	-5.3303	0.3242	-0.6088	0.724	471	741	162	3	1	1
0.0141	0.2672	100.83	195.455	-5.3099	0.0213	-0.9983	0.0536	740	742	162	3	2	0
0.0108	0.1765	100.825	195.186	-5.3038	0.0619	-0.9774	0.202	741	743	162	3	3	0
0.0097	0.1427	100.83	195.01	-5.2746	0.103	-0.9066	0.4092	742	744	162	3	4	0
0.006	0.1394	100.854	194.88	-5.2239	0.3676	-0.8249	0.4294	743	0	162	3	5	0
0.013	0.0654	100.898	195.549	-5.2025	-0.3276	-0.3244	0.8874	472	746	163	3	1	1
0.0065	0.2372	100.877	195.527	-5.1444	-0.7784	-0.5623	0.2791	745	0	163	3	2	0
0.0143	0.0885	101.707	195.605	-6.9341	0.51	0.4285	0.7459	477	748	164	3	1	1
0.0071	0.11	101.736	195.655	-6.8807	-0.5768	0.0663	0.8142	747	0	164	3	2	0
0.0059	0.124	101.975	195.435	-6.6397	-0.0839	0.4795	0.8735	484	750	165	3	1	1
0.0029	0.114	101.972	195.493	-6.5277	-0.2156	0.6719	0.7086	749	0	165	3	2	0
0.0083	0.0343	102.241	195.595	-6.4746	0.419	-0.9009	0.1133	487	752	166	3	1	1
0.0042	0.1749	102.262	195.557	-6.4767	-0.4172	-0.8007	0.4299	751	0	166	3	2	0
0.0083	0.0622	102.244	195.609	-6.4784	0.9518	0.1933	-0.2382	487	754	167	3	1	1
0.0042	0.1887	102.303	195.621	-6.4932	0.6141	-0.1156	0.7807	753	0	167	3	2	0
0.007	0.0729	102.251	195.736	-6.4394	-0.5056	0.5501	0.6646	488	756	168	3	1	1
0.0035	0.1625	102.214	195.776	-6.3909	-0.7694	0.278	0.5751	755	0	168	3	2	0
0.013	0.0746	99.8489	196.217	-6.8294	-0.1206	0.8441	-0.5225	493	758	169	3	1	1
0.0065	0.1427	99.8348	196.264	-6.8668	-0.6179	0.2704	0.7383	757	0	169	3	2	0
0.0112	0.0609	99.9378	196.021	-6.4915	0.9988	-0.0455	0.0162	496	760	170	3	1	1
0.0056	0.2447	99.9986	196.018	-6.4905	0.8919	0.4056	0.2001	759	0	170	3	2	0
0.0076	0.0646	99.742	196.038	-6.33	0.6165	-0.6389	-0.4602	498	762	171	3	1	1
0.0038	0.1043	99.7818	195.996	-6.3597	-0.4458	-0.6345	0.6315	761	0	171	3	2	0
0.0131	0.0479	100.754	196.311	-7.0572	0.5997	-0.6119	-0.5157	503	764	172	3	1	1
0.0066	0.1161	100.783	196.281	-7.0819	0.8421	0.2535	0.476	763	0	172	3	2	0
0.013	0.0376	99.7066	196.466	-6.8522	-0.2295	0.8118	0.5369	509	766	173	3	1	1
0.0065	0.2251	99.698	196.497	-6.832	0.7775	0.3061	0.5494	765	0	173	3	2	0
0.0067	0.0436	99.5198	196.562	-6.7308	0.7148	0.3232	-0.6201	511	768	174	3	1	1
0.0033	0.0751	99.5509	196.576	-6.7578	0.5074	0.5526	0.6612	767	0	174	3	2	0
0.0126	0.0698	100.167	196.421	-6.8391	0.8591	0.5118	-0.011	514	770	175	3	1	1
0.0063	0.1675	100.216	196.451	-6.8201	0.0237	0.9558	0.2931	769	0	175	3	2	0
0.0147	0.027	101.044	196.048	-6.1184	0.1643	0.5838	0.7951	532	772	176	3	1	1
0.0073	0.1276	101.049	196.064	-6.0969	0.7389	0.1467	0.6577	771	0	176	3	2	0
0.0141	0.0441	101.049	196.141	-6.102	-0.6143	0.1073	0.7817	533	774	177	3	1	1
0.007	0.1562	101.022	196.145	-6.0675	-0.4872	0.8626	-0.1363	773	0	177	3	2	0
0.0117	0.1197	101.234	196.437	-6.0356	0.3204	-0.8418	0.4344	535	776	178	3	1	1
0.0058	0.1919	101.273	196.344	-5.9892	0.4169	0.5036	0.7567	775	0	178	3	2	0
0.0089	0.0291	101.334	196.56	-5.9997	-0.127	-0.8828	-0.4522	536	778	179	3	1	1
0.0045	0.1071	101.33	196.534	-6.0129	0.8805	0.0428	0.472	777	0	179	3	2	0
0.0115	0.0157	101.688	195.731	-6.0696	0.8741	-0.0706	0.4806	540	780	180	3	1	1
0.007	0.2093	101.696	195.716	-6.0601	0.0064	0.1318	0.9913	779	781	180	3	2	0
0.0025	0.1672	101.693	195.741	-5.8515	-0.3582	0.683	0.6366	780	0	180	3	3	0
0.0115	0.0471	101.845	195.697	-6.1823	0.7967	0.4809	-0.366	541	783	181	3	1	1
0.0058	0.246	101.883	195.72	-6.1995	0.4375	0.7779	0.4511	782	0	181	3	2	0
0.0107	0.0442	101.999	195.598	-6.1742	0.8918	-0.3941	-0.2221	542	785	182	3	1	1
0.0054	0.2785	102.039	195.581	-6.184	0.7686	0.634	-0.085	784	0	182	3	2	0
0.0107	0.0443	101.99	195.586	-6.1636	0.5441	-0.8246	0.1549	542	787	183	3	1	1
0.0066	0.1645	102.031	195.548	-6.1416	-0.6433	-0.2179	0.7339	786	788	183	3	2	0
0.0025	0.1238	101.925	195.512	-6.0209	0.44	-0.8488	-0.2931	787	0	183	3	3	0
0.0025	0.2044	100.131	195.922	-5.1071	-0.9348	0.1113	0.3372	559	790	184	3	1	1
0.0013	0.2295	99.9403	195.945	-5.0382	-0.5114	-0.8364	0.1972	789	0	184	3	2	0
0.0025	0.1467	100.078	195.942	-5.0892	-0.9059	0.2895	0.3092	559	792	185	3	1	1
0.0013	0.12	99.9454	195.984	-5.0439	-0.8626	0.4644	0.2009	791	0	185	3	2	0
0.0025	0.1205	101.928	195.665	-5.3299	0.6412	0.7664	-0.0393	566	794	186	3	1	1
0.0013	0.1148	102.006	195.758	-5.3347	0.6521	0.2277	0.7231	793	0	186	3	2	0
0.0134	0.0943	101.89	195.27	-5.1636	-0.027	-0.8059	0.5915	568	796	187	3	1	1
0.0067	0.2208	101.888	195.194	-5.1079	0.0128	-0.4402	0.8978	795	0	187	3	2	0
0.0111	0.0242	101.689	194.998	-5.1197	-0.0304	-0.585	-0.8105	570	798	188	3	1	1
0.0056	0.2645	101.68	194.987	-5.1308	-0.0749	-0.9489	0.3067	797	0	188	3	2	0
0.0149	0.0363	101.048	195.113	-4.6251	-0.9157	0.2552	0.3105	590	800	189	3	1	1
0.0149	0.2075	101.014	195.122	-4.6138	0.1925	0.57	0.7988	799	801	189	3	2	0
0.0147	0.1466	101.059	195.242	-4.4523	0.3597	0.6112	0.705	800	802	189	3	3	0
0.0117	0.1574	101.097	195.342	-4.3425	0.5992	0.5664	0.5658	801	803	189	3	4	0
0.0071	0.1552	101.202	195.424	-4.2558	0.4407	0.461	0.7702	802	0	189	3	5	0
0.0149	0.0343	101.061	195.091	-4.64	-0.2416	-0.864	-0.4418	590	805	190	3	1	1
0.0087	0.2329	101.052	195.061	-4.6551	0.3088	-0.9398	0.1463	804	806	190	3	2	0
0.0025	0.2182	101.134	194.853	-4.6151	0.1515	-0.5745	0.8043	805	0	190	3	3	0
0.014	0.0465	100.932	195.015	-4.573	-0.91	-0.1933	0.3669	591	808	191	3	1	1
0.007	0.2273	100.891	194.998	-4.55	-0.6822	0.3559	0.6388	807	0	191	3	2	0
0.0061	0.0544	100.494	194.867	-4.2174	0.7902	-0.4645	0.3998	595	810	192	3	1	1
0.003	0.1545	100.537	194.841	-4.1956	0.0989	-0.5475	0.8309	809	0	192	3	2	0
0.0087	0.2662	100.155	195.37	-4.9456	-0.2881	-0.9177	0.2736	617	812	193	3	1	1
0.0056	0.2623	100.078	195.125	-4.8728	0.3284	0.1296	-0.9356	811	813	193	3	2	0
0.0025	0.1873	100.167	195.15	-5.1145	0.9388	0.15	-0.3102	812	0	193	3	3	0
0.0114	0.038	100.709	195.464	-3.8592	0.7954	-0.6032	-0.0582	654	815	194	3	1	1
0.0057	0.2148	100.738	195.428	-3.868	0.952	-0.2012	0.2306	814	0	194	3	2	0
0.0126	0.0346	100.631	196.352	-3.978	0.6157	0.4893	0.6176	673	817	195	3	1	1
0.0126	0.1701	100.652	196.369	-3.9566	0.3009	0.8837	0.3584	816	818	195	3	2	0
0.0126	0.1212	100.696	196.518	-3.8824	0.5057	0.7784	0.372	817	819	195	3	3	0
0.0105	0.1349	100.767	196.622	-3.8571	0.4564	0.6748	0.58	818	820	195	3	4	0
0.0065	0.184	100.842	196.718	-3.7929	0.4887	0.5727	0.6582	819	0	195	3	5	0
0.0107	0.0092	100.399	196.449	-3.7678	0.1361	0.6066	0.7833	675	822	196	3	1	1
0.0053	0.2184	100.41	196.451	-3.7589	0.2593	0.8748	0.4092	821	0	196	3	2	0
0.0094	0.0281	100.299	196.463	-3.7341	-0.061	0.571	0.8187	676	824	197	3	1	1
0.0047	0.0911	100.298	196.479	-3.7111	0.1478	-0.8679	0.4743	823	0	197	3	2	0
0.0098	0.0376	100.681	197.441	-9.4187	0.0733	0.188	0.9794	707	826	198	4	1	1
0.0061	0.2452	100.684	197.448	-9.3819	-0.09	-0.9448	0.3151	825	827	198	4	2	0
0.0025	0.2054	100.667	197.214	-9.307	0.1906	-0.4766	0.8582	826	0	198	4	3	0
0.0055	0.0488	101.338	197.371	-10.2868	-0.714	0.2143	-0.6665	713	829	199	4	1	1
0.0027	0.2009	101.303	197.382	-10.3193	-0.2197	0.7353	-0.6412	828	0	199	4	2	0
0.0056	0.0412	101.803	197.922	-9.1887	-0.9155	0.4022	-0.0105	720	831	200	4	1	1
0.0028	0.2974	101.774	197.944	-9.187	-0.485	0.5477	0.6817	830	0	200	4	2	0
0.0025	0.0523	101.933	197.985	-9.0674	-0.7617	-0.6275	0.1616	721	833	201	4	1	1
0.0013	0.1833	101.894	197.952	-9.0589	0.1993	-0.6102	0.7668	832	0	201	4	2	0
0.0072	0.0398	101.313	197.066	-9.2032	0.7622	0.3654	0.5344	730	835	202	4	1	1
0.0056	0.1837	101.347	197.07	-9.1795	0.7958	0.3411	0.5005	834	836	202	4	2	0
0.0041	0.1409	101.493	197.133	-9.0876	0.6806	0.4039	0.6113	835	837	202	4	3	0
0.0025	0.1198	101.588	197.189	-8.9986	0.6648	0.6593	0.3513	836	0	202	4	4	0
0.0072	0.031	101.301	197.056	-9.2024	-0.5753	-0.6839	0.4487	730	839	203	4	1	1
0.0049	0.2205	101.283	197.035	-9.1885	-0.9775	-0.1268	0.1683	838	840	203	4	2	0
0.0025	0.1963	101.068	197	-9.1537	-0.9433	-0.1189	0.3098	839	0	203	4	3	0
0.0134	0.0559	100.475	195.482	-5.4033	-0.8269	0.3792	0.4153	737	842	204	4	1	1
0.0067	0.0913	100.429	195.503	-5.3801	-0.3163	-0.9327	0.1734	841	0	204	4	2	0
0.0067	0.1226	100.984	196.172	-6.0456	-0.3982	0.3443	0.8502	774	0	205	4	1	0
0.0109	0.069	101.683	195.735	-6.0595	-0.3628	0.3371	0.8687	779	845	206	4	1	1
0.0055	0.1272	101.658	195.758	-5.9996	-0.6292	0.7609	0.1584	844	0	206	4	2	0
0.0025	0.165	99.9355	195.938	-5.0377	-0.553	-0.831	0.0594	790	847	207	4	1	1
0.0018	0.2484	99.8442	195.801	-5.0279	0.8546	-0.3895	-0.3436	846	848	207	4	2	0
0.001	0.272	100.057	195.704	-5.1132	-0.572	0.3107	0.7591	847	0	207	4	3	0
0.0039	0.026	101.491	197.133	-9.0838	-0.4186	0.2325	0.8779	836	850	208	5	1	1
0.0019	0.1885	101.48	197.139	-9.0609	-0.7751	-0.0762	0.6272	849	0	208	5	2	0
