0.1039	0.6077	119.158	156.852	-10.7728	-0.1651	-0.084	0.9827	0	2	1	0	1	0
0.0857	0.4185	119.059	156.826	-10.1747	-0.0607	-0.0327	0.9976	1	3	1	0	2	0
0.0809	0.4149	119.039	156.824	-9.7572	-0.0382	0.0182	0.9991	2	4	1	0	3	0
0.0769	0.417	119.023	156.831	-9.3427	-0.054	0.0159	0.9984	3	5	1	0	4	0
0.076	0.412	119.003	156.833	-8.9263	-0.0205	0.0107	0.9997	4	6	1	0	5	0
0.0769	0.3916	118.988	156.841	-8.514	0.0561	-0.0356	0.9978	5	7	1	0	6	0
0.0823	0.4282	119.006	156.809	-8.119	0.1156	0.2092	0.971	6	8	1	0	7	0
0.0723	0.365	119.049	156.892	-7.7025	0.0825	0.0292	0.9962	7	9	1	0	8	0
0.0708	0.3839	119.083	156.902	-7.339	0.0539	0.0376	0.9978	8	10	1	0	9	0
0.0719	0.3793	119.092	156.926	-6.9543	0.1622	0.0256	0.9864	9	11	1	0	10	0
0.0732	0.3807	119.138	156.953	-6.58	0.0191	0.0048	0.9998	10	12	1	0	11	0
0.0701	0.3682	119.145	156.956	-6.1994	0.0346	0.0455	0.9984	11	13	1	0	12	0
0.0714	0.3639	119.148	156.976	-5.8317	0.0216	0.0208	0.9996	12	14	1	0	13	0
0.073	0.4359	119.153	156.987	-5.4681	0.0154	0.0406	0.9991	13	15	1	0	14	0
0.0582	0.2855	119.137	156.999	-5.0086	0.6462	0.3263	0.6899	14	16	1	0	15	0
0.0691	0.3745	119.179	157.026	-4.8151	-0.011	-0.0306	0.9995	15	17	1	0	16	0
0.0637	0.3049	119.17	157.032	-4.4416	-0.0053	0.0472	0.9989	16	18	1	0	17	0
0.0637	0.3045	119.169	157.05	-4.1376	0.0091	0.1534	0.9881	17	19	1	0	18	0
0.0617	0.2892	119.162	157.091	-3.8368	-0.0064	0.0044	1	18	20	1	0	19	0
0.0608	0.2624	119.169	157.09	-3.5473	-0.0108	0.0682	0.9976	19	21	1	0	20	0
0.0599	0.31	119.176	157.096	-3.2838	-0.0141	0.1405	0.99	20	22	1	0	21	0
0.0672	0.3438	119.196	157.137	-2.9698	-0.2878	-0.0908	0.9534	21	23	1	0	22	0
0.0466	0.2621	119.055	157.109	-2.6635	-0.4586	-0.0304	0.8881	22	24	1	0	23	0
0.0455	0.2411	118.929	157.097	-2.4342	-0.4615	-0.156	0.8733	23	25	1	0	24	0
0.0477	0.284	118.809	157.066	-2.2279	-0.509	-0.1565	0.8464	24	26	1	0	25	0
0.0481	0.2661	118.666	157.006	-1.9869	-0.3034	0.0051	0.9528	25	27	1	0	26	0
0.0458	0.2348	118.586	157.008	-1.7336	-0.3153	0.2526	0.9148	26	28	1	0	27	0
0.049	0.2047	118.477	157.066	-1.4829	0.5281	0.6567	0.5385	27	29	1	0	28	0
0.0498	0.2614	118.604	157.176	-1.3882	0.7338	0.1305	0.6667	28	30	1	0	29	0
0.0351	0.1986	118.816	157.197	-1.2388	0.7793	0.0577	0.624	29	31	1	0	30	0
0.0403	0.2566	118.954	157.211	-1.0937	0.7493	-0.1887	0.6348	30	32	1	0	31	0
0.038	0.3109	119.115	157.219	-0.924	0.2769	0.0382	0.9601	31	33	1	0	32	0
0.04	0.3121	119.191	157.243	-0.6243	0.3056	0.1505	0.9402	32	34	1	0	33	0
0.0368	0.271	119.281	157.302	-0.3332	0.1327	0.2384	0.9621	33	35	1	0	34	0
0.0342	0.3389	119.345	157.367	-0.077	0.1589	0.2092	0.9649	34	36	1	0	35	0
0.0348	0.2068	119.388	157.438	0.2519	0.1624	0.1223	0.9791	35	37	1	0	36	0
0.033	0.2428	119.415	157.47	0.4547	0.1754	0.0972	0.9797	36	38	1	0	37	0
0.0311	0.2475	119.452	157.506	0.6883	0.0908	0.3514	0.9318	37	39	1	0	38	0
0.0292	0.2215	119.467	157.588	0.9195	0.0275	0.066	0.9974	38	40	1	0	39	0
0.0271	0.3346	119.464	157.59	1.1381	0.2148	-0.3316	0.9186	39	41	1	0	40	0
0.0246	0.2916	119.532	157.493	1.4698	0.3788	-0.7686	0.5156	40	42	1	0	41	0
0.0227	0.1991	119.628	157.28	1.6418	0.47	-0.6082	0.6398	41	43	1	0	42	0
0.0197	0.3138	119.732	157.161	1.7636	0.4556	-0.486	0.7458	42	44	1	0	43	0
0.0169	0.2837	119.878	157.005	1.9949	0.3115	-0.4141	0.8553	43	45	1	0	44	0
0.0163	0.2381	119.968	156.887	2.2364	0.3111	-0.3928	0.8654	44	46	1	0	45	0
0.0144	0.2645	120.068	156.782	2.4384	0.0034	-0.3299	0.944	45	47	1	0	46	0
0.0126	0.2181	120.099	156.691	2.661	0.5893	-0.3852	0.7102	46	48	1	0	47	0
0.0108	0.2504	120.227	156.606	2.8157	0.1188	-0.2488	0.9612	47	49	1	0	48	0
0.0091	0.2086	120.256	156.559	3.0502	-0.3813	0.3492	0.856	48	50	1	0	49	0
0.0066	0.4676	120.177	156.631	3.2287	-0.4782	-0.6253	0.6168	49	51	1	0	50	0
0.0037	0.3016	119.953	156.339	3.5171	-0.5824	-0.0111	0.8128	50	0	1	0	51	0
0.0195	0.1498	118.994	156.88	-10.2206	-0.6724	0.5657	-0.4775	2	53	2	1	1	1
0.0097	0.1343	118.894	156.965	-10.2922	0.6001	-0.0435	-0.7987	52	0	2	1	2	0
0.0188	0.136	119.112	156.9	-10.2585	0.4251	0.6004	-0.6774	2	55	3	1	1	1
0.0094	0.1274	119.169	156.982	-10.3506	-0.8745	-0.463	-0.1445	54	0	3	1	2	0
0.0149	0.11	118.917	156.804	-8.6082	-0.5733	-0.2986	-0.763	6	57	4	1	1	1
0.0075	0.185	118.854	156.771	-8.6922	-0.7618	-0.6434	0.0754	56	0	4	1	2	0
0.0194	0.0489	119.039	156.729	-8.1379	0.3676	-0.905	-0.2141	7	59	5	1	1	1
0.0194	0.1478	119.057	156.685	-8.1484	-0.4929	-0.8156	0.3032	58	60	5	1	2	0
0.0257	0.1186	118.962	156.573	-8.0981	-0.3475	-0.9358	0.0595	59	61	5	1	3	0
0.0239	0.1229	118.934	156.457	-8.0854	-0.4579	-0.8474	0.2689	60	62	5	1	4	0
0.0191	0.1274	118.892	156.34	-8.0524	-0.6374	-0.7673	-0.071	61	63	5	1	5	0
0.0246	0.107	118.805	156.239	-8.0474	-0.4561	-0.7828	-0.4233	62	64	5	1	6	0
0.0243	0.1572	118.731	156.161	-8.1275	0.1204	-0.9621	-0.2446	63	65	5	1	7	0
0.0212	0.1264	118.732	156.012	-8.1723	0.0509	-0.8989	-0.4352	64	66	5	1	8	0
0.0173	0.0944	118.723	155.9	-8.2307	-0.0359	-0.9109	-0.411	65	67	5	1	9	0
0.0222	0.1712	118.715	155.819	-8.2913	-0.031	-0.9758	-0.2166	66	68	5	1	10	0
0.021	0.1164	118.736	155.649	-8.3226	-0.0373	-0.9576	-0.2855	67	69	5	1	11	0
0.0201	0.1541	118.756	155.56	-8.3841	0.1199	-0.8302	-0.5444	68	70	5	1	12	0
0.0189	0.109	118.76	155.426	-8.4623	0.2064	-0.895	-0.3955	69	71	5	1	13	0
0.0133	0.1157	118.817	155.333	-8.4965	0.225	-0.8721	-0.4346	70	72	5	1	14	0
0.0164	0.0917	118.837	155.23	-8.5469	0.2577	-0.8154	-0.5183	71	73	5	1	15	0
0.0128	0.0907	118.83	155.152	-8.6008	0.2216	-0.6898	-0.6892	72	74	5	1	16	0
0.0149	0.1022	118.831	155.066	-8.6555	0.5861	-0.643	-0.493	73	75	5	1	17	0
0.0136	0.1375	118.882	155.002	-8.7232	0.7293	-0.507	-0.4595	74	76	5	1	18	0
0.012	0.1138	118.981	154.933	-8.7898	-0.2418	-0.9557	-0.168	75	77	5	1	19	0
0.0102	0.1659	118.957	154.822	-8.8106	-0.4196	-0.9011	0.1097	76	78	5	1	20	0
0.0086	0.0995	118.892	154.67	-8.7953	-0.6405	-0.725	-0.2531	77	79	5	1	21	0
0.0073	0.0894	118.835	154.584	-8.8081	-0.8634	-0.4968	-0.0874	78	0	5	1	22	0
0.0219	0.0374	118.957	156.882	-8.0523	-0.4468	0.6626	0.6011	7	81	6	1	1	1
0.0122	0.2161	118.94	156.907	-8.0298	-0.2459	-0.9294	0.2754	80	82	6	1	2	0
0.0025	0.1289	118.894	156.706	-7.9708	-0.0192	-0.85	0.5264	81	0	6	1	3	0
0.0173	0.0963	119.076	156.766	-8.0796	0.7671	-0.4702	0.4363	7	84	7	1	1	1
0.0086	0.042	119.15	156.721	-8.0376	0.3979	-0.7088	0.5825	83	0	7	1	2	0
0.0191	0.2097	118.991	156.934	-7.7008	-0.3526	-0.0336	0.9352	8	86	8	1	1	0
0.0225	0.176	118.91	156.948	-7.5307	-0.9698	-0.0057	0.2439	85	87	8	1	2	0
0.0178	0.079	118.751	156.961	-7.4609	-0.9162	-0.0208	0.4001	86	88	8	1	3	0
0.0201	0.08	118.676	156.958	-7.419	-0.976	0.1548	-0.1534	87	89	8	1	4	0
0.0165	0.1043	118.598	156.965	-7.4145	-0.9948	0.1017	-0.0073	88	90	8	1	5	0
0.0162	0.1111	118.492	156.979	-7.4254	-0.9777	0.0733	0.1967	89	91	8	1	6	0
0.016	0.0713	118.383	156.993	-7.4157	-0.9959	0.0445	0.0786	90	92	8	1	7	0
0.0157	0.073	118.308	156.987	-7.3992	-0.959	0.1015	-0.2645	91	93	8	1	8	0
0.0154	0.1094	118.239	157.01	-7.4148	-0.9772	0.014	0.2121	92	94	8	1	9	0
0.0185	0.0873	118.132	157.008	-7.388	-0.9716	0.1711	0.1635	93	95	8	1	10	0
0.0161	0.0988	118.035	157.04	-7.3807	-0.7867	-0.3455	0.5116	94	96	8	1	11	0
0.0192	0.0466	117.947	156.997	-7.3308	-0.5766	0.6646	0.4752	95	97	8	1	12	0
0.0188	0.1083	117.93	157.01	-7.276	-0.7584	-0.642	-0.1126	96	98	8	1	13	0
0.0137	0.0751	117.853	156.92	-7.3054	-0.8357	-0.451	0.3133	97	99	8	1	14	0
0.0143	0.1	117.787	156.887	-7.2831	-0.5788	-0.7572	0.3028	98	100	8	1	15	0
0.0168	0.1495	117.731	156.825	-7.2559	-0.9534	0.0891	-0.2884	99	101	8	1	16	0
0.0126	0.1094	117.595	156.832	-7.3063	-0.6792	-0.7276	0.0964	100	102	8	1	17	0
0.0138	0.1	117.517	156.752	-7.2769	-0.4122	-0.906	-0.0966	101	103	8	1	18	0
0.0143	0.1018	117.494	156.661	-7.2894	0.0543	-0.8488	0.5259	102	104	8	1	19	0
0.0135	0.1004	117.482	156.583	-7.2474	-0.6345	-0.6272	0.4517	103	105	8	1	20	0
0.0105	0.115	117.421	156.519	-7.2009	-0.4185	-0.8697	-0.2616	104	106	8	1	21	0
0.0113	0.1131	117.368	156.419	-7.228	-0.2369	-0.8722	-0.428	105	107	8	1	22	0
0.0098	0.1666	117.333	156.318	-7.2804	-0.1368	-0.8196	0.5564	106	108	8	1	23	0
0.0083	0.1028	117.304	156.183	-7.1849	-0.0257	-0.9208	0.3892	107	109	8	1	24	0
0.0071	0.114	117.301	156.089	-7.1449	-0.0451	-0.9835	0.1749	108	110	8	1	25	0
0.0057	0.1435	117.296	155.977	-7.125	-0.5881	-0.8086	-0.0157	109	0	8	1	26	0
0.0365	0.049	119.138	156.932	-7.4596	0.407	0.2215	-0.8862	9	112	9	1	1	1
0.0183	0.1483	119.137	156.937	-7.5301	-0.3242	0.9444	0.0547	111	0	9	1	2	0
0.0162	0.0646	119.102	156.964	-7.4399	0.1558	0.5225	-0.8383	9	114	10	1	1	1
0.0162	0.084	119.112	156.998	-7.494	0.1146	0.9782	0.1732	113	115	10	1	2	0
0.0214	0.1145	119.106	157.085	-7.4844	0.0037	0.7631	0.6463	114	116	10	1	3	0
0.0193	0.1466	119.117	157.173	-7.3872	0.1414	0.9856	-0.0931	115	117	10	1	4	0
0.0154	0.1178	119.135	157.321	-7.4069	-0.7969	0.2547	0.5477	116	118	10	1	5	0
0.0199	0.0964	119.039	157.356	-7.3475	0.7368	0.6369	0.2268	117	119	10	1	6	0
0.0164	0.1076	119.095	157.418	-7.3293	0.0891	0.9959	-0.0141	118	120	10	1	7	0
0.0138	0.137	119.107	157.528	-7.3508	0.0397	0.9931	0.1102	119	121	10	1	8	0
0.0163	0.0833	119.115	157.666	-7.3284	0.3819	0.8463	-0.3713	120	122	10	1	9	0
0.0164	0.139	119.158	157.738	-7.3578	-0.0883	0.9198	-0.3822	121	123	10	1	10	0
0.0151	0.1237	119.167	157.87	-7.4121	-0.1924	0.9813	-0.0104	122	124	10	1	11	0
0.0135	0.1209	119.135	157.992	-7.4176	0.3944	0.6842	-0.6134	123	125	10	1	12	0
0.012	0.0978	119.183	158.075	-7.4917	0.0494	0.9719	0.2302	124	126	10	1	13	0
0.0096	0.2013	119.198	158.182	-7.4664	-0.7268	0.6613	-0.1857	125	0	10	1	14	0
0.0157	0.0914	119.074	156.852	-7.0481	-0.1517	-0.6137	-0.7748	10	128	11	1	1	1
0.0157	0.2048	119.06	156.796	-7.119	-0.614	-0.6831	-0.3954	127	129	11	1	2	0
0.0181	0.1237	118.932	156.658	-7.2014	-0.4757	-0.6975	-0.536	128	130	11	1	3	0
0.0176	0.0921	118.869	156.576	-7.2676	-0.5606	-0.5838	-0.5873	129	131	11	1	4	0
0.0171	0.0859	118.826	156.508	-7.3253	-0.8364	-0.5368	0.1109	130	132	11	1	5	0
0.0165	0.1057	118.753	156.466	-7.32	-0.6779	-0.6497	-0.344	131	133	11	1	6	0
0.0117	0.14	118.689	156.393	-7.3701	-0.8083	-0.4954	-0.3181	132	134	11	1	7	0
0.012	0.115	118.577	156.313	-7.407	-0.89	-0.336	-0.3081	133	135	11	1	8	0
0.0116	0.1322	118.475	156.269	-7.4283	-0.9719	-0.2269	-0.0623	134	136	11	1	9	0
0.0086	0.1267	118.332	156.24	-7.4398	-0.0007	-0.9867	-0.1624	135	137	11	1	10	0
0.0082	0.0782	118.335	156.114	-7.4622	-0.1468	-0.9891	-0.0148	136	138	11	1	11	0
0.0089	0.1007	118.325	156.032	-7.4532	-0.0035	-0.8921	-0.4519	137	139	11	1	12	0
0.0072	0.1147	118.335	155.947	-7.5034	-0.1633	-0.4981	-0.8516	138	140	11	1	13	0
0.0048	0.1633	118.316	155.89	-7.6011	-0.4176	-0.7127	-0.5636	139	0	11	1	14	0
0.016	0.0978	119.191	156.902	-6.5664	0.7041	-0.6862	0.1829	11	142	12	1	1	1
0.016	0.1815	119.26	156.835	-6.5485	0.4592	-0.1014	0.8825	141	143	12	1	2	0
0.0158	0.1729	119.338	156.809	-6.3858	0.6455	-0.2393	0.7253	142	144	12	1	3	0
0.0206	0.2552	119.478	156.766	-6.2894	0.6561	-0.3487	0.6694	143	145	12	1	4	0
0.0199	0.1819	119.674	156.68	-6.097	0.2055	-0.9658	-0.1581	144	146	12	1	5	0
0.0144	0.1909	119.696	156.502	-6.1175	-0.2467	-0.7355	-0.631	145	147	12	1	6	0
0.0185	0.1271	119.622	156.366	-6.2357	-0.1618	-0.9681	-0.1912	146	148	12	1	7	0
0.0175	0.2139	119.585	156.227	-6.2573	0.3641	-0.5269	-0.768	147	149	12	1	8	0
0.0161	0.2458	119.624	156.07	-6.4303	0.6616	-0.6485	0.3765	148	150	12	1	9	0
0.0147	0.2073	119.787	155.909	-6.3368	0.9895	-0.1126	-0.0908	149	151	12	1	10	0
0.0122	0.2679	119.981	155.869	-6.3657	0.6952	-0.6289	0.3481	150	0	12	1	11	0
0.0254	0.3172	119.2	156.994	-6.5224	0.1265	0.8236	-0.5528	11	0	13	1	1	0
0.0346	0.0893	119.133	156.88	-6.5272	-0.0577	-0.8078	0.5866	11	154	14	1	1	1
0.0346	0.291	119.128	156.808	-6.4748	-0.639	-0.1173	-0.7602	153	155	14	1	2	0
0.0376	0.523	118.924	156.748	-6.7044	0.1145	-0.3775	0.9189	154	156	14	1	3	0
0.0253	0.1234	118.97	156.556	-6.2053	-0.4407	-0.8963	-0.0488	155	157	14	1	4	0
0.024	0.1005	118.904	156.449	-6.2292	-0.3331	-0.9416	0.0495	156	158	14	1	5	0
0.0287	0.2608	118.891	156.329	-6.2595	-0.7525	-0.6582	0.0206	157	159	14	1	6	0
0.0212	0.155	118.712	156.135	-6.2314	-0.4984	-0.7739	-0.3908	158	160	14	1	7	0
0.0212	0.1216	118.644	156.009	-6.2928	-0.5263	-0.7498	-0.4011	159	161	14	1	8	0
0.0183	0.1268	118.575	155.915	-6.3375	0.4881	-0.8713	0.0508	160	162	14	1	9	0
0.0142	0.1915	118.623	155.813	-6.3295	-0.5052	-0.7584	-0.4119	161	163	14	1	10	0
0.0088	0.1883	118.53	155.665	-6.4041	-0.4561	-0.8803	-0.1304	162	0	14	1	11	0
0.0344	0.0431	119.173	157.018	-6.5327	0.3932	0.7446	0.5394	11	165	15	1	1	1
0.0172	0.2599	119.179	157.052	-6.5361	0.8802	0.3285	-0.3426	164	0	15	1	2	0
0.0297	0.2214	119.115	157.022	-6.4966	-0.3644	0.7915	0.4906	11	0	16	1	1	0
0.0203	0.0555	119.156	156.888	-6.178	0.1524	-0.9433	0.2949	12	168	17	1	1	1
0.0114	0.1534	119.165	156.835	-6.1617	-0.5853	-0.7771	0.2315	167	169	17	1	2	0
0.0025	0.1794	119.087	156.708	-6.1249	-0.4708	-0.7591	-0.4495	168	0	17	1	3	0
0.0145	0.0692	119.111	156.917	-5.7602	-0.3747	-0.5868	0.7178	13	171	18	1	1	1
0.0073	0.2626	119.085	156.877	-5.7105	-0.582	-0.6047	-0.5437	170	0	18	1	2	0
0.02	0.0757	119.142	156.906	-5.7611	-0.0634	-0.7006	0.7108	13	173	19	1	1	1
0.02	0.2706	119.137	156.854	-5.7074	-0.2666	-0.9083	-0.3222	172	174	19	1	2	0
0.0231	0.3639	119.044	156.607	-5.7982	0.1777	-0.5162	-0.8379	173	175	19	1	3	0
0.0163	0.1832	119.102	156.425	-6.1106	0.3305	-0.5576	-0.7614	174	176	19	1	4	0
0.0203	0.2501	119.173	156.319	-6.2555	-0.4746	-0.7341	-0.4857	175	177	19	1	5	0
0.0186	0.201	119.055	156.136	-6.377	0.576	-0.6673	-0.4721	176	178	19	1	6	0
0.0135	0.2191	119.164	155.997	-6.4745	0.552	-0.8337	0.0153	177	0	19	1	7	0
0.024	0.074	119.224	156.977	-5.5788	0.539	-0.0744	-0.839	14	180	20	1	1	1
0.024	0.3305	119.264	156.971	-5.6409	0.7088	-0.1432	0.6907	179	181	20	1	2	0
0.0248	0.5211	119.494	156.925	-5.4398	0.7588	-0.6326	-0.1553	180	182	20	1	3	0
0.0194	0.1892	119.886	156.58	-5.5054	0.2569	-0.7009	-0.6654	181	183	20	1	4	0
0.0158	0.1706	119.946	156.449	-5.6285	0.0271	-0.8655	0.5003	182	0	20	1	5	0
0.0157	0.0189	119.21	156.939	-5.7657	0.6305	-0.3809	0.6764	13	185	21	1	1	1
0.0157	0.3228	119.222	156.932	-5.7529	0.0406	-0.5101	0.8591	184	186	21	1	2	0
0.0201	0.1076	119.231	156.742	-5.4687	-0.5704	0.3077	0.7615	185	187	21	1	3	0
0.0197	0.0951	119.151	156.793	-5.3913	-0.3473	-0.1193	0.9301	186	188	21	1	4	0
0.0192	0.1183	119.098	156.771	-5.3057	0.3508	-0.8251	0.4428	187	189	21	1	5	0
0.0181	0.2137	119.12	156.658	-5.2618	0.4357	-0.7653	0.4738	188	0	21	1	6	0
0.0236	0.0451	119.087	157.016	-5.5801	-0.4971	0.2208	-0.8391	14	191	22	1	1	1
0.0236	0.4161	119.064	157.026	-5.6179	-0.6035	0.797	0.0243	190	192	22	1	2	0
0.0176	0.2558	118.825	157.39	-5.5925	-0.4758	0.5118	-0.7153	191	193	22	1	3	0
0.0181	0.1563	118.686	157.504	-5.7733	-0.5432	0.4594	-0.7028	192	194	22	1	4	0
0.0178	0.1907	118.577	157.605	-5.8601	0.0463	0.6417	-0.7655	193	195	22	1	5	0
0.0139	0.2795	118.6	157.715	-6.0039	0.6817	0.7273	-0.0791	194	0	22	1	6	0
0.0218	0.0418	119.178	157.059	-5.3814	0.2151	0.6277	0.7482	14	197	23	1	1	1
0.0109	0.2677	119.187	157.086	-5.3501	-0.5084	0.7764	-0.3724	196	0	23	1	2	0
0.0194	0.0219	119.094	157.011	-4.971	-0.7381	0.1968	0.6453	15	199	24	1	1	1
0.0097	0.3234	119.078	157.015	-4.9569	-0.789	0.5783	-0.2076	198	0	24	1	2	0
0.0371	0.1574	119.221	157.081	-4.7853	0.5562	0.7283	0.4003	16	201	25	1	1	1
0.0371	0.4416	119.308	157.195	-4.7223	0.4299	0.8943	0.1242	200	202	25	1	2	0
0.0294	0.1561	119.497	157.603	-4.7043	0.2476	0.9188	0.3075	201	203	25	1	3	0
0.0279	0.1793	119.517	157.738	-4.6859	-0.1116	0.9709	-0.2117	202	204	25	1	4	0
0.0245	0.2985	119.527	157.921	-4.7055	0.1823	0.7444	-0.6423	203	205	25	1	5	0
0.0185	0.1431	119.575	158.157	-4.9009	0.5391	0.0119	-0.8422	204	206	25	1	6	0
0.0114	0.2378	119.67	158.17	-4.9967	-0.1394	0.9281	-0.3452	205	0	25	1	7	0
0.0191	0.1411	119.225	157.079	-4.8215	0.6563	0.7489	-0.0917	16	208	26	1	1	1
0.0108	0.1763	119.318	157.184	-4.8345	0.2955	0.9084	0.2957	207	209	26	1	2	0
0.0025	0.142	119.362	157.348	-4.785	0.3284	0.8952	0.3013	208	0	26	1	3	0
0.0251	0.3482	119.184	157.095	-4.8157	0.07	0.9975	-0.0075	16	211	27	1	1	1
0.0125	0.2797	119.215	157.444	-4.8076	0.2704	0.9152	-0.2988	210	0	27	1	2	0
0.0451	0.1523	119.111	156.999	-4.8157	-0.6697	0.7425	-0.0117	16	213	28	1	1	0
0.0238	0.1654	119.001	157.113	-4.807	-0.6864	0.4687	-0.556	212	214	28	1	2	0
0.0025	0.2705	118.885	157.189	-4.8957	-0.5535	-0.3904	-0.7357	213	0	28	1	3	0
0.0519	0.1604	119.169	157.032	-4.1835	-0.0999	0.1693	0.9805	17	0	29	1	1	0
0.0139	0.04	119.117	157.048	-3.865	-0.6597	-0.6255	-0.4166	19	217	30	1	1	1
0.007	0.2455	119.09	157.023	-3.8817	0.3796	-0.878	-0.2916	216	0	30	1	2	0
0.048	0.2371	119.192	157.144	-3.9011	0.1401	0.8913	-0.4313	19	219	31	1	1	0
0.0252	0.2369	119.233	157.335	-4.0191	0.3418	0.6512	-0.6776	218	220	31	1	2	0
0.0025	0.2185	119.324	157.482	-4.1757	0.609	0.7846	-0.1161	219	0	31	1	3	0
0.0096	0.1571	119.102	157.107	-3.8458	-0.8515	-0.1823	-0.4917	19	0	32	1	1	0
0.0133	0.2048	119.112	157.054	-3.7453	-0.9968	0.079	-0.0112	19	0	33	1	1	0
0.0425	0.1079	119.138	157.148	-3.7969	-0.3249	0.7753	0.5415	19	224	34	1	1	1
0.0425	0.2375	119.103	157.231	-3.7384	0.1653	0.9653	0.2021	223	225	34	1	2	0
0.0312	0.2037	119.142	157.461	-3.6904	-0.3064	0.8584	0.4115	224	226	34	1	3	0
0.0369	0.4391	119.079	157.636	-3.6066	-0.6609	0.4967	-0.5627	225	227	34	1	4	0
0.0233	0.2229	118.789	157.854	-3.8537	0.0995	0.0069	-0.995	226	228	34	1	5	0
0.0209	0.204	118.811	157.855	-4.0755	-0.0292	0.0018	-0.9996	227	229	34	1	6	0
0.0161	0.193	118.805	157.849	-4.2824	0.6221	0.3053	-0.721	228	230	34	1	7	0
0.0075	0.2519	118.932	157.896	-4.4334	0.6504	0.6879	-0.322	229	0	34	1	8	0
0.049	0.0761	119.108	157.087	-3.5976	-0.767	-0.0439	-0.6402	20	232	35	1	1	1
0.0335	0.2966	119.05	157.083	-3.6463	-0.1148	-0.9668	-0.2281	231	233	35	1	2	0
0.018	0.2278	118.957	156.798	-3.7326	0.0772	-0.9503	-0.3016	232	234	35	1	3	0
0.0025	0.1924	118.977	156.581	-3.7996	-0.1833	-0.8361	0.517	233	0	35	1	4	0
0.0342	0.0354	119.108	157.084	-3.6011	-0.7441	-0.0706	-0.6643	20	236	36	1	1	1
0.0171	0.1576	119.101	157.099	-3.6357	0.2297	0.3343	0.9141	235	0	36	1	2	0
0.0244	0.1495	119.105	157.131	-2.6704	0.9081	0.3997	-0.1251	23	238	37	1	1	1
0.0244	0.1226	119.241	157.191	-2.6891	0.5204	0.1207	0.8453	237	239	37	1	2	0
0.0275	0.139	119.302	157.232	-2.5945	0.3326	0.3352	0.8815	238	240	37	1	3	0
0.025	0.1185	119.354	157.296	-2.4861	0.4727	0.468	0.7467	239	241	37	1	4	0
0.0271	0.1844	119.41	157.343	-2.3916	0.5645	0.5067	0.6516	240	242	37	1	5	0
0.0216	0.1706	119.523	157.438	-2.2936	0.7875	0.5067	0.351	241	243	37	1	6	0
0.0278	0.1969	119.679	157.533	-2.2462	0.2556	0.5148	0.8183	242	244	37	1	7	0
0.027	0.1945	119.751	157.611	-2.1015	0.6449	0.0628	0.7617	243	245	37	1	8	0
0.0222	0.1585	119.869	157.62	-1.9341	0.9184	-0.203	0.3396	244	246	37	1	9	0
0.0212	0.159	120.02	157.585	-1.8858	0.6718	-0.174	0.72	245	247	37	1	10	0
0.0183	0.1326	120.129	157.557	-1.7737	0.6844	-0.1676	0.7095	246	248	37	1	11	0
0.0208	0.1118	120.228	157.535	-1.6856	0.5514	-0.1658	0.8176	247	249	37	1	12	0
0.0226	0.1341	120.288	157.518	-1.5891	0.8145	-0.3648	0.4511	248	250	37	1	13	0
0.0214	0.1684	120.392	157.454	-1.5219	0.5706	0.1593	0.8056	249	251	37	1	14	0
0.0203	0.0946	120.485	157.469	-1.3853	0.4979	-0.0519	0.8657	250	252	37	1	15	0
0.0193	0.1281	120.544	157.461	-1.3127	0.607	-0.0961	0.7889	251	253	37	1	16	0
0.0182	0.1157	120.633	157.446	-1.2223	0.6521	-0.2187	0.7259	252	254	37	1	17	0
0.0171	0.0991	120.711	157.425	-1.1405	0.6559	-0.079	0.7507	253	255	37	1	18	0
0.016	0.115	120.771	157.416	-1.062	0.6276	-0.2553	0.7355	254	256	37	1	19	0
0.0145	0.1377	120.836	157.399	-0.968	0.6288	-0.2144	0.7474	255	257	37	1	20	0
0.013	0.1075	120.924	157.363	-0.8667	0.5105	-0.1592	0.845	256	258	37	1	21	0
0.0117	0.1128	120.977	157.334	-0.7771	0.5368	-0.1486	0.8305	257	259	37	1	22	0
0.0104	0.0917	121.045	157.323	-0.6868	0.51	-0.1364	0.8493	258	260	37	1	23	0
0.0092	0.1062	121.089	157.315	-0.6073	0.4582	-0.0551	0.8871	259	261	37	1	24	0
0.0075	0.1368	121.145	157.308	-0.51	-0.4073	-0.28	0.8693	260	0	37	1	25	0
0.0398	0.0781	118.997	157.117	-2.6506	-0.9663	0.141	0.2153	23	263	38	1	1	1
0.0211	0.3923	118.922	157.128	-2.6338	-0.4703	0.6821	-0.56	262	264	38	1	2	0
0.0025	0.3256	118.721	157.395	-2.8397	-0.638	-0.2138	-0.7398	263	0	38	1	3	0
0.0102	0.0907	118.754	157.057	-2.229	-0.9882	-0.1517	-0.0189	25	266	39	1	1	1
0.0051	0.0957	118.665	157.044	-2.2307	-0.8887	-0.1765	-0.4231	265	0	39	1	2	0
0.0389	0.1322	118.702	157.04	-1.988	0.7267	0.6866	-0.0222	26	268	40	1	1	1
0.0194	0.297	118.782	157.1	-2.0044	0.8825	-0.4662	-0.0625	267	0	40	1	2	0
0.018	0.1075	118.635	157.011	-1.9785	-0.1745	-0.5738	0.8002	26	0	41	1	1	0
0.0268	0.2276	118.638	157.046	-1.9872	-0.5712	0.8208	-0.0064	26	271	42	1	1	1
0.0134	0.1574	118.492	157.222	-1.9827	-0.5895	0.6757	-0.4427	270	0	42	1	2	0
0.0262	0.245	118.569	157.06	-1.6012	0.4801	0.853	-0.2048	27	0	43	1	1	0
0.0091	0.1522	118.432	157.065	-1.4605	-0.8974	-0.0318	0.4401	28	274	44	1	1	1
0.0045	0.0748	118.295	157.06	-1.3935	-0.7923	0.1232	-0.5976	273	0	44	1	2	0
0.0328	0.2121	118.574	157.143	-1.3633	-0.8459	-0.2756	0.4567	29	0	45	1	1	0
0.0226	0.01	118.685	157.19	-1.3819	0.9812	0.1767	0.0777	29	277	46	1	1	1
0.0225	0.1989	118.694	157.192	-1.3811	-0.314	-0.1193	0.9419	276	278	46	1	2	0
0.0164	0.1839	118.643	157.154	-1.196	-0.5927	-0.5739	0.5651	277	279	46	1	3	0
0.014	0.1676	118.536	157.044	-1.1	-0.7384	-0.6448	0.1975	278	280	46	1	4	0
0.0151	0.1682	118.416	156.933	-1.068	-0.5799	-0.7611	-0.2906	279	281	46	1	5	0
0.0104	0.2068	118.31	156.802	-1.1033	-0.6493	-0.5002	-0.573	280	0	46	1	6	0
0.0333	0.341	118.758	157.242	-1.2323	-0.186	0.9771	-0.1034	30	283	47	1	1	0
0.0167	0.1661	118.694	157.576	-1.2676	-0.2094	0.8045	-0.5558	282	0	47	1	2	0
0.0209	0.2668	118.625	157.212	-1.4143	0.423	0.7409	-0.5217	29	285	48	1	1	1
0.0209	0.199	118.738	157.41	-1.5535	0.2178	0.9316	0.2911	284	286	48	1	2	0
0.0148	0.1444	118.773	157.593	-1.4779	0.2079	0.9533	0.2189	285	287	48	1	3	0
0.0137	0.1595	118.803	157.731	-1.4463	0.2769	0.9438	0.1803	286	288	48	1	4	0
0.0164	0.1449	118.862	157.887	-1.4116	0.4493	-0.4723	-0.7583	287	289	48	1	5	0
0.0135	0.2611	118.94	157.818	-1.506	0.7731	-0.1128	-0.6242	288	0	48	1	6	0
0.0383	0.0285	118.887	157.243	-1.1051	-0.8916	0.4267	-0.1515	31	291	49	1	1	1
0.0191	0.2192	118.902	157.279	-1.1061	-0.5059	0.8539	-0.122	290	0	49	1	2	0
0.0203	0.059	118.978	157.227	-1.1218	0.5861	0.4163	-0.6951	31	293	50	1	1	1
0.0101	0.2111	119.02	157.24	-1.1558	0.5101	-0.1646	-0.8442	292	0	50	1	2	0
0.0246	0.0589	119.166	157.238	-0.8713	0.6717	0.2518	0.6968	32	295	51	1	1	1
0.0123	0.1842	119.198	157.256	-0.8479	0.8217	-0.3791	-0.4255	294	0	51	1	2	0
0.0361	0.0329	119.117	157.258	-0.8939	0.0331	0.7875	0.6154	32	297	52	1	1	1
0.0249	0.1833	119.118	157.284	-0.8736	-0.0363	0.9151	-0.4015	296	298	52	1	2	0
0.0137	0.3051	119.112	157.452	-0.9163	0.8262	0.5603	-0.0596	297	299	52	1	3	0
0.0025	0.1767	119.365	157.623	-0.9344	0.4966	0.422	-0.7585	298	0	52	1	4	0
0.016	0.0604	119.22	157.273	-0.6244	0.6913	0.7226	-0.0034	33	301	53	1	1	1
0.008	0.3133	119.262	157.317	-0.6246	0.6806	0.6745	-0.2862	300	0	53	1	2	0
0.0213	0.0357	119.32	157.344	-0.0705	-0.7129	-0.675	0.1902	35	303	54	1	1	1
0.0107	0.3956	119.295	157.32	-0.0637	0.7126	-0.5124	0.4793	302	0	54	1	2	0
0.0331	0.3586	119.363	157.399	0.1536	-0.9321	-0.0504	0.3588	36	0	55	1	1	0
0.0314	0.0714	119.434	157.443	0.44	0.5268	-0.7441	-0.4108	37	306	56	1	1	1
0.0157	0.261	119.493	157.403	0.407	0.3183	-0.7139	-0.6238	305	0	56	1	2	0
0.0314	0.0368	119.375	157.451	0.3988	-0.5672	-0.2699	-0.7781	37	308	57	1	1	1
0.0157	0.1587	119.354	157.441	0.3702	-0.8577	-0.5127	-0.0378	307	0	57	1	2	0
0.0314	0.1477	119.441	157.448	0.4726	0.6719	-0.5774	0.4639	37	310	58	1	1	1
0.0157	0.1718	119.531	157.403	0.4947	-0.9485	-0.3088	-0.0701	309	0	58	1	2	0
0.0189	0.1312	119.453	157.47	0.48	0.8317	0.0003	0.5552	37	312	59	1	1	1
0.0095	0.3781	119.563	157.47	0.5528	0.8761	0.0541	-0.479	311	0	59	1	2	0
0.0234	0.1629	119.474	157.633	1.3898	-0.0353	0.0722	0.9968	41	314	60	1	1	0
0.0212	0.0856	119.467	157.653	1.5551	-0.1532	-0.341	0.9275	313	315	60	1	2	0
0.0234	0.1038	119.44	157.636	1.6658	0.7392	-0.4394	0.5103	314	316	60	1	3	0
0.0183	0.1664	119.518	157.616	1.7191	0.8916	-0.0325	0.4516	315	317	60	1	4	0
0.0206	0.1332	119.673	157.616	1.7874	0.6729	0.0775	0.7357	316	318	60	1	5	0
0.0189	0.0982	119.765	157.628	1.883	0.6573	0.1418	0.7402	317	319	60	1	6	0
0.0179	0.1216	119.849	157.627	1.9474	0.4544	0.1003	0.8851	318	320	60	1	7	0
0.0207	0.1329	119.927	157.636	2.0478	0.2989	0.0728	0.9515	319	321	60	1	8	0
0.0207	0.2532	119.978	157.643	2.1711	0.2777	-0.0447	0.9596	320	322	60	1	9	0
0.0191	0.1408	120.048	157.631	2.414	0.8281	0.2251	0.5133	321	323	60	1	10	0
0.0177	0.1311	120.164	157.653	2.4883	0.4026	0.1724	0.899	322	324	60	1	11	0
0.0163	0.1467	120.211	157.679	2.6089	0.4361	0.1435	0.8884	323	325	60	1	12	0
0.0148	0.1474	120.28	157.694	2.7378	0.6047	0.4162	0.6791	324	326	60	1	13	0
0.0129	0.178	120.369	157.755	2.8379	0.0832	0.1583	0.9839	325	327	60	1	14	0
0.0109	0.1327	120.384	157.783	3.013	0.4704	0.2133	0.8563	326	328	60	1	15	0
0.0083	0.2108	120.447	157.811	3.1266	0.8853	-0.0271	0.4641	327	0	60	1	16	0
0.0145	0.0327	119.642	157.279	1.6238	0.62	-0.0664	-0.7818	42	330	61	1	1	1
0.0073	0.1981	119.662	157.277	1.5983	0.8572	-0.0668	0.5107	329	0	61	1	2	0
0.0203	0.0517	119.639	157.27	1.625	0.4883	-0.4632	-0.7396	42	332	62	1	1	1
0.0203	0.1781	119.664	157.246	1.5868	0.2931	-0.8389	-0.4587	331	333	62	1	2	0
0.0192	0.1754	119.702	157.105	1.495	0.2213	-0.5609	-0.7977	332	334	62	1	3	0
0.0208	0.1275	119.751	156.995	1.3623	-0.1038	-0.5819	-0.8066	333	335	62	1	4	0
0.0189	0.1441	119.74	156.929	1.2516	-0.0276	-0.7016	-0.7121	334	336	62	1	5	0
0.0163	0.1582	119.74	156.822	1.1496	-0.4133	-0.4025	-0.8168	335	337	62	1	6	0
0.0132	0.1445	119.675	156.758	1.0203	0.8915	-0.1694	-0.4201	336	338	62	1	7	0
0.0084	0.2451	119.804	156.734	0.9596	0.334	-0.1164	-0.9353	337	0	62	1	8	0
0.0187	0.1369	119.808	157.095	1.8759	0.7066	-0.7072	-0.0244	43	0	63	1	1	0
0.0187	0.0799	119.726	157.141	1.7865	-0.2074	-0.6347	0.7444	43	341	64	1	1	1
0.0094	0.3457	119.709	157.09	1.846	0.4031	-0.297	-0.8656	340	0	64	1	2	0
0.012	0.0536	120.079	156.694	2.6563	-0.9609	0.1556	-0.229	47	343	65	1	1	1
0.012	0.1902	120.028	156.703	2.6441	-0.1837	-0.2663	0.9462	342	344	65	1	2	0
0.012	0.1327	119.972	156.645	2.8138	-0.3058	-0.3679	0.8781	343	345	65	1	3	0
0.012	0.3388	119.934	156.598	2.9379	0.2433	-0.9672	0.0734	344	346	65	1	4	0
0.011	0.2104	120.002	156.26	2.9687	0.2858	-0.7684	-0.5726	345	347	65	1	5	0
0.0097	0.1544	120.046	156.087	2.8405	0.5845	-0.2751	-0.7633	346	348	65	1	6	0
0.0084	0.178	120.131	156.038	2.7176	0.7796	-0.5595	-0.2816	347	349	65	1	7	0
0.0067	0.1686	120.27	155.941	2.6641	-0.3621	-0.73	-0.5796	348	350	65	1	8	0
0.0047	0.1783	120.209	155.818	2.5663	-0.5714	-0.6036	-0.556	349	0	65	1	9	0
0.0103	0.267	120.236	156.605	2.8061	0.6852	-0.095	-0.7221	48	352	66	1	1	1
0.0051	0.1969	120.419	156.579	2.6133	0.3103	-0.0167	-0.9505	351	0	66	1	2	0
0.0103	0.2604	120.235	156.6	2.81	0.6902	-0.5107	-0.5127	48	354	67	1	1	1
0.0077	0.1919	120.424	156.466	2.6699	0.1597	-0.8956	0.4152	353	355	67	1	2	0
0.0051	0.1737	120.455	156.294	2.7496	-0.311	-0.9216	0.2323	354	356	67	1	3	0
0.0025	0.2288	120.4	156.134	2.7899	0.8764	-0.2312	-0.4225	355	0	67	1	4	0
0.0103	0.1052	120.22	156.599	2.8089	-0.5918	-0.5803	-0.5595	48	358	68	1	1	1
0.0051	0.1583	120.15	156.539	2.7551	0.1789	-0.8891	0.4212	357	0	68	1	2	0
0.0103	0.2541	120.225	156.595	2.8166	-0.1566	-0.9849	0.0742	48	360	69	1	1	1
0.0064	0.1998	120.186	156.345	2.8354	0.3391	-0.656	0.6743	359	361	69	1	2	0
0.0025	0.146	120.253	156.214	2.9702	0.9538	-0.0313	0.2988	360	0	69	1	3	0
0.0086	0.0884	120.257	156.551	3.0556	0.1194	-0.801	0.5866	49	363	70	1	1	1
0.0043	0.2975	120.232	156.486	3.0481	0.4686	-0.8062	-0.3613	362	0	70	1	2	0
0.0062	0.1719	120.177	156.624	3.2266	-0.0076	-0.9577	-0.2877	50	365	71	1	1	1
0.0062	0.1299	120.168	156.466	3.1729	-0.2331	-0.6859	-0.6894	364	366	71	1	2	0
0.0062	0.1137	120.138	156.377	3.0834	0.0556	-0.785	0.617	365	367	71	1	3	0
0.0062	0.1517	120.144	156.288	3.1535	0.1089	-0.9633	-0.2453	366	368	71	1	4	0
0.0059	0.1421	120.161	156.142	3.1163	0.2515	-0.1886	-0.9493	367	369	71	1	5	0
0.0052	0.2005	120.201	156.114	2.9806	-0.2536	-0.4044	-0.8787	368	370	71	1	6	0
0.004	0.2155	120.151	156.031	2.808	-0.5379	-0.7529	-0.3793	369	0	71	1	7	0
0.0062	0.1319	120.178	156.625	3.2265	0.2262	-0.9183	-0.325	50	372	72	1	1	1
0.0031	0.355	120.221	156.511	3.173	0.6798	-0.3131	0.6632	371	0	72	1	2	0
0.0062	0.0973	120.173	156.634	3.2352	-0.5028	0.2794	0.818	50	374	73	1	1	1
0.0031	0.2011	120.117	156.665	3.3075	0.7707	0.4961	-0.3999	373	0	73	1	2	0
0.0062	0.0488	120.172	156.629	3.2251	-0.7534	-0.3994	-0.5224	50	376	74	1	1	1
0.0044	0.2307	120.133	156.611	3.2133	-0.6766	0.7094	-0.1974	375	377	74	1	2	0
0.0025	0.1876	119.977	156.775	3.1678	-0.7223	0.6286	-0.2883	376	0	74	1	3	0
0.0062	0.2138	120.179	156.628	3.2362	0.2925	-0.3623	0.885	50	379	75	1	1	1
0.0031	0.125	120.23	156.555	3.4359	0.6023	-0.2365	0.7624	378	0	75	1	2	0
0.0035	0.2597	119.957	156.341	3.5166	0.8784	0.4663	-0.1047	51	381	76	1	1	1
0.0017	0.1696	120.185	156.462	3.4894	-0.6273	0.7735	-0.0904	380	0	76	1	2	0
0.0035	0.1161	119.949	156.337	3.5179	-0.9128	-0.3724	0.1675	51	383	77	1	1	1
0.0027	0.2843	119.843	156.294	3.5373	-0.7824	-0.4097	-0.469	382	384	77	1	2	0
0.0018	0.195	119.622	156.175	3.4017	-0.8968	-0.351	-0.2692	383	385	77	1	3	0
0.001	0.1802	119.447	156.107	3.3493	-0.7913	-0.516	0.328	384	0	77	1	4	0
0.0035	0.1168	119.925	156.336	3.562	-0.5344	-0.0495	0.8438	51	387	78	1	1	1
0.0017	0.1624	119.854	156.342	3.6598	0.8115	0.5669	-0.1417	386	0	78	1	2	0
0.0089	0.0617	119.159	156.987	-10.3541	-0.8684	0.4022	-0.2902	55	389	79	2	1	1
0.0045	0.0365	119.105	157.012	-10.372	-0.778	-0.1107	-0.6184	388	0	79	2	2	0
0.0089	0.077	119.16	156.998	-10.4448	-0.769	-0.2752	-0.577	55	0	80	2	1	0
0.0177	0.0208	118.887	156.313	-8.0678	-0.1682	-0.8612	-0.4795	62	392	81	2	1	1
0.0088	0.1269	118.883	156.295	-8.0777	0.6348	-0.1234	0.7628	391	0	81	2	2	0
0.018	0.0897	118.744	155.415	-8.458	-0.8136	-0.5389	0.2184	70	394	82	2	1	1
0.009	0.2223	118.672	155.394	-8.424	0.99	-0.0781	0.1174	393	0	82	2	2	0
0.0152	0.0624	118.744	156.148	-8.1089	0.4941	-0.5022	0.7097	64	396	83	2	1	1
0.0152	0.1542	118.774	156.116	-8.0646	-0.9756	-0.2196	0.0017	395	397	83	2	2	0
0.0167	0.1075	118.618	156.074	-8.0459	-0.9545	0.111	-0.2768	396	398	83	2	3	0
0.0128	0.1671	118.515	156.07	-8.0818	-0.9674	0.101	-0.2324	397	399	83	2	4	0
0.0106	0.1288	118.357	156.091	-8.1233	-0.5569	0.7627	0.3287	398	400	83	2	5	0
0.0119	0.2014	118.283	156.189	-8.0778	-0.5286	0.7757	-0.3446	399	401	83	2	6	0
0.009	0.1192	118.177	156.345	-8.1472	-0.0705	0.5777	-0.8132	400	402	83	2	7	0
0.0061	0.158	118.168	156.414	-8.2442	-0.67	0.3307	-0.6647	401	0	83	2	8	0
0.0171	0.0415	118.718	156.117	-8.1207	-0.2678	-0.9518	0.1498	64	404	84	2	1	1
0.0085	0.2028	118.707	156.078	-8.1144	-0.7588	-0.0337	-0.6504	403	0	84	2	2	0
0.0056	0.0216	118.751	156	-8.1664	0.8198	-0.5121	0.2564	65	406	85	2	1	1
0.0028	0.183	118.768	155.989	-8.1609	0.4523	-0.891	-0.0399	405	0	85	2	2	0
0.0128	0.0612	118.706	155.911	-8.2278	-0.8361	0.5284	0.1473	66	408	86	2	1	1
0.0064	0.1372	118.655	155.943	-8.2188	-0.2001	-0.9212	-0.3337	407	0	86	2	2	0
0.0202	0.0396	118.711	155.999	-8.1796	-0.8261	-0.4813	-0.2931	65	410	87	2	1	1
0.0202	0.3162	118.678	155.98	-8.1912	-0.7995	0.1748	-0.5747	409	411	87	2	2	0
0.0202	0.0973	118.425	156.051	-8.3692	-0.9572	0.048	-0.2854	410	412	87	2	3	0
0.0192	0.0887	118.33	156.072	-8.4067	-0.8629	-0.341	-0.3729	411	413	87	2	4	0
0.0174	0.1395	118.258	156.056	-8.4508	-0.7412	-0.2422	-0.6261	412	414	87	2	5	0
0.0122	0.1566	118.155	156.023	-8.5382	-0.8916	-0.0587	-0.4489	413	415	87	2	6	0
0.0102	0.1481	118.008	156.005	-8.5945	-0.87	-0.1107	-0.4804	414	416	87	2	7	0
0.0063	0.1408	117.883	155.981	-8.6606	-0.942	-0.3249	0.0836	415	0	87	2	8	0
0.0164	0.0762	118.731	155.917	-8.2401	0.3776	0.8102	-0.4483	66	418	88	2	1	1
0.0164	0.1342	118.74	155.962	-8.2738	0.6436	-0.7574	0.11	417	419	88	2	2	0
0.0162	0.1425	118.827	155.857	-8.256	0.5707	-0.518	-0.6371	418	420	88	2	3	0
0.0123	0.151	118.911	155.77	-8.3318	0.8645	0.449	0.2258	419	421	88	2	4	0
0.0075	0.1136	119.042	155.845	-8.3024	0.9129	-0.2253	-0.3404	420	0	88	2	5	0
0.0211	0.026	118.696	155.829	-8.2798	-0.7861	0.4174	0.4559	67	423	89	2	1	1
0.0105	0.3125	118.653	155.874	-8.271	-0.8082	-0.49	0.3266	422	0	89	2	2	0
0.0204	0.1664	118.702	155.794	-8.3026	-0.7536	-0.6342	0.1728	67	0	90	2	1	0
0.0128	0.1885	118.715	155.641	-8.3201	-0.9315	-0.3457	0.1134	68	426	91	2	1	1
0.0077	0.1133	118.54	155.576	-8.2987	-0.3062	-0.947	0.0967	425	427	91	2	2	0
0.0025	0.0993	118.509	155.481	-8.2742	0.2374	-0.7521	0.6148	426	0	91	2	3	0
0.02	0.0363	118.755	155.626	-8.3202	0.6167	-0.7827	0.0839	68	429	92	2	1	1
0.01	0.0884	118.815	155.594	-8.3184	-0.0883	-0.5821	-0.8083	428	0	92	2	2	0
0.018	0.0215	118.751	155.429	-8.4416	-0.4225	0.1461	0.8945	70	431	93	2	1	1
0.009	0.1433	118.741	155.451	-8.4097	0.5737	-0.4647	0.6745	430	0	93	2	2	0
0.0111	0.0305	118.836	155.059	-8.677	0.1951	-0.2831	-0.939	74	433	94	2	1	1
0.0111	0.1301	118.841	155.05	-8.7057	-0.5123	-0.7274	-0.4566	432	434	94	2	2	0
0.0118	0.1044	118.765	154.958	-8.7516	-0.5336	-0.8092	-0.246	433	435	94	2	3	0
0.0084	0.1332	118.709	154.878	-8.7834	-0.9981	-0.0178	-0.0582	434	436	94	2	4	0
0.0066	0.1411	118.575	154.876	-8.7934	-0.893	-0.2495	0.3746	435	0	94	2	5	0
0.0129	0.0718	118.879	154.989	-8.7187	-0.2171	-0.9199	0.3266	75	438	95	2	1	1
0.0065	0.0605	118.863	154.923	-8.6952	0.4314	-0.3261	-0.8412	437	0	95	2	2	0
0.0114	0.0426	118.989	154.939	-8.7991	0.5754	0.4387	-0.6903	76	440	96	2	1	1
0.0114	0.1241	119.013	154.958	-8.8284	0.9182	0.2496	-0.3077	439	441	96	2	2	0
0.0114	0.0993	119.132	154.978	-8.8887	0.9267	0.3736	0.0416	440	442	96	2	3	0
0.0093	0.1045	119.225	155.016	-8.8991	0.536	0.84	0.0845	441	443	96	2	4	0
0.006	0.1213	119.288	155.099	-8.878	0.5645	0.8244	0.0407	442	0	96	2	5	0
0.0097	0.0223	118.953	154.806	-8.7988	-0.225	-0.7892	0.5715	77	445	97	2	1	1
0.0049	0.1277	118.953	154.797	-8.7816	0.8467	-0.5254	-0.0842	444	0	97	2	2	0
0.0025	0.1044	118.895	156.708	-7.9693	0.5041	0.6153	0.606	82	447	98	2	1	1
0.0013	0.036	118.948	156.772	-7.906	0.1468	0.3423	0.928	446	0	98	2	2	0
0.0208	0.1853	118.996	156.896	-8.0264	-0.4634	-0.1954	0.8644	80	0	99	2	1	0
0.0116	0.032	118.933	156.907	-8.04	-0.5622	0.0211	-0.8267	81	450	100	2	1	1
0.0058	0.1535	118.915	156.908	-8.0664	-0.2192	0.4167	0.8822	449	0	100	2	2	0
0.0113	0.0762	118.869	156.937	-7.5426	-0.7379	0.0146	0.6747	86	0	101	2	1	0
0.0214	0.0206	118.867	156.938	-7.4984	-0.7915	-0.1679	0.5876	86	453	102	2	1	1
0.0107	0.2949	118.889	156.929	-7.4651	-0.4817	-0.4331	0.7618	452	0	102	2	2	0
0.0112	0.0543	118.386	157.009	-7.4129	0.1841	0.9674	0.1737	91	455	103	2	1	1
0.0056	0.1345	118.396	157.061	-7.4035	-0.3207	0.8609	-0.3949	454	0	103	2	2	0
0.0179	0.0867	117.919	157.023	-7.2836	-0.5773	0.709	-0.4051	97	457	104	2	1	1
0.0089	0.1616	117.89	157.072	-7.3101	-0.1982	0.3047	0.9316	456	0	104	2	2	0
0.0182	0.035	117.948	157.013	-7.3422	0.0873	0.8085	-0.582	96	459	105	2	1	1
0.013	0.1819	117.951	157.041	-7.3626	-0.8868	-0.0645	-0.4575	458	460	105	2	2	0
0.0077	0.0856	117.789	157.037	-7.4484	-0.9771	-0.0929	0.1912	459	461	105	2	3	0
0.0025	0.1004	117.705	157.029	-7.432	-0.9188	-0.2896	-0.2681	460	0	105	2	4	0
0.0179	0.0847	117.938	157.014	-7.2654	0.3713	-0.1169	0.9211	97	0	106	2	1	0
0.0179	0.0669	117.925	157.027	-7.2662	-0.2736	0.8323	0.4821	97	464	107	2	1	1
0.0089	0.1076	117.915	157.088	-7.2258	-0.2066	-0.6802	0.7033	463	0	107	2	2	0
0.0179	0.0945	117.927	157.03	-7.2814	-0.1359	0.959	-0.2488	97	466	108	2	1	1
0.0089	0.152	117.914	157.121	-7.3049	0.7731	-0.3485	0.53	465	0	108	2	2	0
0.013	0.0226	117.873	156.945	-7.3198	0.5652	0.7196	-0.4034	98	468	109	2	1	1
0.013	0.0938	117.886	156.962	-7.3289	-0.9431	-0.3322	-0.0129	467	469	109	2	2	0
0.013	0.1144	117.784	156.948	-7.3456	-0.4653	-0.7493	-0.4712	468	470	109	2	3	0
0.0113	0.1057	117.749	156.857	-7.3941	0.0353	-0.6134	-0.789	469	471	109	2	4	0
0.0069	0.1747	117.749	156.792	-7.4889	-0.0956	-0.9947	0.0385	470	0	109	2	5	0
0.0179	0.0848	117.937	157.033	-7.2601	0.2391	0.796	0.5561	97	473	110	2	1	1
0.0089	0.1059	117.957	157.1	-7.2129	0.1511	0.9523	-0.2651	472	0	110	2	2	0
0.0159	0.0325	117.694	156.843	-7.2579	-0.9049	0.4229	-0.048	100	475	111	2	1	1
0.0115	0.0986	117.664	156.857	-7.2595	-0.5352	-0.0047	0.8447	474	476	111	2	2	0
0.007	0.096	117.619	156.86	-7.1771	-0.2214	0.5586	0.7994	475	477	111	2	3	0
0.0025	0.1386	117.597	156.914	-7.1003	0.2726	0.9471	0.1694	476	0	111	2	4	0
0.0107	0.0245	117.618	156.843	-7.3175	0.8221	0.4076	-0.3975	101	479	112	2	1	1
0.0107	0.1051	117.638	156.853	-7.3272	0.7336	0.6793	-0.0185	478	480	112	2	2	0
0.0119	0.082	117.732	156.949	-7.3319	-0.4069	0.3582	0.8403	479	481	112	2	3	0
0.0094	0.1459	117.711	156.991	-7.2696	-0.3527	0.7097	0.6098	480	482	112	2	4	0
0.0119	0.1252	117.661	157.094	-7.1781	0.3228	0.9465	-0.005	481	483	112	2	5	0
0.0119	0.0707	117.7	157.222	-7.163	0.635	0.6916	-0.3443	482	484	112	2	6	0
0.0117	0.078	117.73	157.278	-7.1755	0.2603	0.9265	-0.2718	483	485	112	2	7	0
0.0085	0.1088	117.728	157.355	-7.2067	0.281	0.9446	-0.1696	484	486	112	2	8	0
0.0109	0.0875	117.752	157.463	-7.2255	0.5584	0.6295	-0.5403	485	487	112	2	9	0
0.0104	0.1318	117.788	157.519	-7.2565	-0.0173	0.9996	-0.0207	486	488	112	2	10	0
0.0097	0.0995	117.782	157.653	-7.247	0.1905	0.9661	-0.1742	487	489	112	2	11	0
0.0091	0.0923	117.807	157.753	-7.2745	-0.2867	0.9388	0.1911	488	490	112	2	12	0
0.0083	0.0918	117.781	157.84	-7.2568	-0.1541	0.7575	-0.6344	489	491	112	2	13	0
0.0075	0.1118	117.766	157.911	-7.3053	-0.1387	0.9827	-0.1229	490	492	112	2	14	0
0.0065	0.1165	117.749	158.02	-7.3038	-0.2525	0.9675	0.0108	491	493	112	2	15	0
0.0054	0.1035	117.719	158.133	-7.3025	-0.0171	0.3186	0.9478	492	0	112	2	16	0
0.0136	0.0231	117.484	156.654	-7.2969	-0.7008	-0.4866	-0.5216	103	495	113	2	1	1
0.008	0.2181	117.45	156.665	-7.2978	-0.7799	-0.3583	-0.5133	494	496	113	2	2	0
0.0025	0.1895	117.28	156.586	-7.4097	-0.4386	0.5969	-0.6718	495	0	113	2	3	0
0.0128	0.0276	117.492	156.574	-7.246	0.7339	-0.6713	0.1036	104	498	114	2	1	1
0.0128	0.1277	117.512	156.555	-7.2431	0.8592	0.4947	0.1304	497	499	114	2	2	0
0.0128	0.1331	117.618	156.619	-7.212	0.8915	0.3943	0.2229	498	500	114	2	3	0
0.0128	0.1408	117.738	156.667	-7.171	0.9904	0.1378	-0.0093	499	501	114	2	4	0
0.0112	0.1411	117.88	156.686	-7.1559	0.918	-0.3717	-0.1385	500	502	114	2	5	0
0.0084	0.2114	118.009	156.633	-7.1754	0.9133	-0.071	0.401	501	0	114	2	6	0
0.0069	0.0512	117.361	156.421	-7.2181	-0.5565	0.2021	0.8059	106	504	115	2	1	1
0.0035	0.1661	117.332	156.431	-7.1769	-0.6242	0.7811	0.0179	503	0	115	2	2	0
0.0093	0.0278	117.323	156.307	-7.278	-0.6629	-0.7322	0.1564	107	506	116	2	1	1
0.0093	0.1254	117.324	156.286	-7.2757	-0.1144	-0.7031	-0.7018	505	507	116	2	2	0
0.0093	0.0922	117.303	156.195	-7.361	0.1489	-0.9421	-0.3004	506	508	116	2	3	0
0.0083	0.1236	117.315	156.111	-7.3938	0.2077	-0.8786	-0.4301	507	509	116	2	4	0
0.0053	0.1859	117.34	156.002	-7.447	0.7895	-0.5613	0.2484	508	0	116	2	5	0
0.0054	0.04	117.299	155.977	-7.1301	0.5529	0.1381	-0.8217	110	511	117	2	1	1
0.0039	0.1843	117.322	155.983	-7.163	0.7006	-0.7056	-0.1064	510	512	117	2	2	0
0.0025	0.2008	117.447	155.845	-7.1879	0.8817	-0.4684	0.0567	511	0	117	2	3	0
0.0183	0.046	119.11	157.204	-7.4054	-0.1992	0.8504	-0.4869	116	514	118	2	1	1
0.0183	0.2747	119.095	157.226	-7.4391	-0.7955	0.4918	-0.3538	513	515	118	2	2	0
0.0174	0.147	118.876	157.361	-7.5363	-0.6128	-0.7565	0.2283	514	516	118	2	3	0
0.0142	0.1133	118.79	157.261	-7.4864	-0.8173	-0.3582	0.4513	515	517	118	2	4	0
0.009	0.175	118.663	157.196	-7.4515	-0.6156	0.4218	0.6657	516	0	118	2	5	0
0.0126	0.0149	119.116	157.674	-7.3141	0.1136	0.4843	0.8675	121	519	119	2	1	1
0.0063	0.0728	119.118	157.681	-7.3012	0.1144	0.5972	0.7939	518	0	119	2	2	0
0.0129	0.0259	119.124	158	-7.4137	-0.7982	0.5302	0.2859	124	521	120	2	1	1
0.0064	0.1167	119.106	158.001	-7.4056	-0.973	-0.1902	-0.131	520	0	120	2	2	0
0.0129	0.01	119.148	157.987	-7.4169	0.9108	-0.4099	0.0493	124	523	121	2	1	1
0.0077	0.2039	119.166	157.99	-7.4169	0.6091	-0.7416	-0.2812	522	524	121	2	2	0
0.0025	0.1576	119.29	157.839	-7.4743	0.7902	0.3968	-0.467	523	0	121	2	3	0
0.0091	0.0516	119.218	158.171	-7.4702	0.8739	-0.457	-0.1659	126	526	122	2	1	1
0.0046	0.1796	119.259	158.11	-7.5015	0.9774	0.0221	-0.2104	525	0	122	2	2	0
0.0156	0.0175	118.757	156.455	-7.3356	0.1787	-0.5547	-0.8126	132	528	123	2	1	1
0.0156	0.1588	118.76	156.445	-7.3499	0.8772	-0.4791	-0.0312	527	529	123	2	2	0
0.0156	0.086	118.895	156.338	-7.3731	0.7208	-0.4212	0.5504	528	530	123	2	3	0
0.0114	0.1423	118.937	156.286	-7.3246	0.5348	-0.7098	-0.4585	529	531	123	2	4	0
0.0115	0.2559	119.015	156.189	-7.394	0.1325	-0.7559	-0.6412	530	532	123	2	5	0
0.0104	0.1342	119.057	156.002	-7.5598	0.4684	-0.8145	-0.3424	531	533	123	2	6	0
0.008	0.115	119.12	155.892	-7.6057	0.6674	-0.6368	-0.3861	532	534	123	2	7	0
0.0051	0.143	119.201	155.826	-7.6476	0.8409	-0.3993	-0.3652	533	0	123	2	8	0
0.0111	0.1778	118.69	156.387	-7.3602	0.0968	-0.5287	0.8433	133	536	124	2	1	1
0.0068	0.1188	118.708	156.293	-7.2103	-0.5464	-0.745	-0.3827	535	537	124	2	2	0
0.0025	0.0995	118.635	156.197	-7.2628	0.2235	-0.801	0.5554	536	0	124	2	3	0
0.0082	0.0235	118.328	156.245	-7.4467	-0.4272	0.5433	-0.7227	136	539	125	2	1	1
0.0082	0.1903	118.306	156.243	-7.465	-0.7499	0.5754	0.3264	538	540	125	2	2	0
0.0082	0.112	118.167	156.362	-7.4252	-0.9027	0.4302	0.0093	539	541	125	2	3	0
0.0055	0.1376	118.068	156.413	-7.4366	-0.7527	0.657	0.0425	540	542	125	2	4	0
0.0049	0.192	117.966	156.509	-7.4318	-0.9584	0.1401	-0.2488	541	0	125	2	5	0
0.0111	0.067	118.692	156.387	-7.3602	0.2452	-0.4982	0.8316	133	544	126	2	1	1
0.0068	0.1265	118.709	156.354	-7.3045	0.1597	-0.8982	-0.4096	543	545	126	2	2	0
0.0025	0.1662	118.737	156.258	-7.397	0.4162	-0.8618	-0.2898	544	0	126	2	3	0
0.0196	0.0405	119.459	156.763	-6.3263	-0.4584	-0.0718	-0.8859	144	547	127	2	1	1
0.0196	0.3351	119.438	156.763	-6.3443	0.5959	0.8007	-0.0612	546	548	127	2	2	0
0.0196	0.1299	119.638	157.032	-6.3648	-0.1867	0.8606	-0.4738	547	549	127	2	3	0
0.0153	0.4682	119.614	157.143	-6.4263	0.6916	0.4471	-0.5672	548	550	127	2	4	0
0.0073	0.1707	119.938	157.353	-6.6918	0.8452	0.5107	0.1576	549	0	127	2	5	0
0.0196	0.0605	119.474	156.759	-6.2646	-0.1635	-0.292	0.9423	144	552	128	2	1	1
0.0098	0.2387	119.471	156.743	-6.2215	-0.0703	0.9928	0.0973	551	0	128	2	2	0
0.0181	0.0693	119.658	156.693	-6.1096	-0.6732	0.5245	-0.5212	145	554	129	2	1	1
0.0091	0.223	119.611	156.729	-6.1457	0.2927	0.6311	-0.7183	553	0	129	2	2	0
0.0189	0.0853	119.655	156.675	-6.0924	-0.9374	-0.2601	0.2316	145	556	130	2	1	1
0.0189	0.2142	119.575	156.652	-6.0727	0.8846	-0.0228	0.4657	555	557	130	2	2	0
0.0188	0.3443	119.767	156.653	-5.994	0.783	-0.6158	-0.0874	556	558	130	2	3	0
0.0128	0.1746	120.034	156.434	-6.0047	0.0769	-0.9505	-0.3012	557	559	130	2	4	0
0.0091	0.2762	120.021	156.257	-6.0553	0.3877	-0.9162	-0.1018	558	0	130	2	5	0
0.0189	0.0565	119.687	156.661	-6.0822	0.4779	-0.6833	0.552	145	561	131	2	1	1
0.0189	0.2343	119.714	156.623	-6.051	0.9822	-0.1868	0.0217	560	562	131	2	2	0
0.0189	0.1294	119.944	156.564	-6.0582	0.9698	0.1649	-0.1797	561	563	131	2	3	0
0.0189	0.153	120.066	156.579	-6.0944	0.7989	0.3983	-0.4506	562	564	131	2	4	0
0.0178	0.1587	120.198	156.648	-6.1578	0.5107	-0.054	-0.8581	563	565	131	2	5	0
0.0157	0.1562	120.269	156.653	-6.2998	0.5141	0.0205	-0.8575	564	566	131	2	6	0
0.0127	0.1835	120.348	156.674	-6.4444	0.8539	-0.2316	-0.4661	565	567	131	2	7	0
0.0076	0.3063	120.505	156.631	-6.53	0.8304	0.3813	-0.4063	566	0	131	2	8	0
0.0153	0.0588	119.626	156.067	-6.4114	0.0941	-0.1887	0.9775	149	569	132	2	1	1
0.0111	0.2248	119.649	156.032	-6.3264	-0.8667	-0.4758	0.1499	568	570	132	2	2	0
0.0068	0.2091	119.454	155.926	-6.2882	-0.9761	-0.2167	0.0156	569	571	132	2	3	0
0.0025	0.2299	119.241	155.888	-6.2813	-0.616	-0.7858	-0.0556	570	0	132	2	4	0
0.0139	0.0512	119.746	155.917	-6.3473	-0.951	0.1861	-0.2469	150	573	133	2	1	1
0.007	0.2187	119.697	155.927	-6.36	-0.7678	-0.6307	-0.1126	572	0	133	2	2	0
0.0168	0.1523	119.233	157.219	-6.6359	0.2024	-0.0151	0.9792	152	0	134	2	1	0
0.0195	0.2671	119.205	157.289	-6.7726	-0.135	-0.842	0.5223	152	0	135	2	1	0
0.0202	0.0681	118.623	156.013	-6.3029	-0.8879	0.1936	-0.4174	160	577	136	2	1	1
0.0143	0.2023	118.57	156.028	-6.3411	-0.6882	-0.4064	-0.601	576	578	136	2	2	0
0.0084	0.1594	118.431	155.946	-6.4627	-0.6826	-0.1479	-0.7157	577	579	136	2	3	0
0.0025	0.1911	118.322	155.922	-6.5768	-0.8082	0.2981	-0.5078	578	0	136	2	4	0
0.0231	0.1947	118.884	156.306	-6.2849	-0.2066	-0.6545	-0.7272	158	581	137	2	1	1
0.0116	0.1818	118.844	156.178	-6.4266	-0.5783	-0.8071	-0.1189	580	0	137	2	2	0
0.0202	0.0158	118.652	155.991	-6.3112	0.3071	-0.6575	-0.688	160	583	138	2	1	1
0.0202	0.1991	118.657	155.981	-6.322	0.1696	-0.6752	0.7179	582	584	138	2	2	0
0.0154	0.212	118.685	155.868	-6.1542	-0.9769	-0.0629	-0.2041	583	585	138	2	3	0
0.0159	0.1945	118.478	155.855	-6.1975	-0.7845	0.016	-0.6199	584	586	138	2	4	0
0.0084	0.2778	118.327	155.865	-6.3204	-0.9552	0.1444	-0.2585	585	0	138	2	5	0
0.0174	0.0603	118.578	155.931	-6.3535	0.0983	0.7042	-0.7032	161	588	139	2	1	1
0.0099	0.2274	118.584	155.974	-6.396	0.0866	-0.5938	-0.7999	587	589	139	2	2	0
0.0025	0.1379	118.603	155.848	-6.5875	0.0487	-0.716	-0.6964	588	0	139	2	3	0
0.0111	0.0349	118.641	155.814	-6.3267	0.986	0.0549	0.1573	162	591	140	2	1	1
0.0055	0.1314	118.675	155.816	-6.3212	0.7556	-0.4461	0.4797	590	0	140	2	2	0
0.0155	0.0532	119.101	156.415	-6.0961	-0.0764	-0.5493	0.8321	175	593	141	2	1	1
0.0077	0.1101	119.108	156.384	-6.0449	0.0007	-0.9591	-0.283	592	0	141	2	2	0
0.022	0.0491	119.056	156.591	-5.7853	0.4968	-0.6635	0.5594	174	595	142	2	1	1
0.011	0.2575	119.08	156.559	-5.7578	0.4612	-0.2648	-0.8469	594	0	142	2	2	0
0.0235	0.0689	119.493	156.903	-5.4239	-0.0319	-0.8084	0.5878	181	597	143	2	1	1
0.0235	0.2051	119.491	156.847	-5.3834	-0.417	-0.58	-0.6998	596	598	143	2	2	0
0.0199	0.1067	119.379	156.745	-5.5572	-0.0836	-0.9014	-0.4249	597	599	143	2	3	0
0.0234	0.1733	119.362	156.627	-5.5661	-0.3499	-0.7697	-0.5339	598	600	143	2	4	0
0.0202	0.3032	119.307	156.497	-5.6551	0.6628	-0.3327	-0.6709	599	601	143	2	5	0
0.0141	0.1792	119.526	156.399	-5.8486	0.404	-0.7328	-0.5475	600	0	143	2	6	0
0.0235	0.0478	119.456	156.925	-5.4422	-0.9978	-0.0024	-0.0656	181	603	144	2	1	1
0.0118	0.3557	119.409	156.925	-5.4453	0.4285	0.132	0.8939	602	0	144	2	2	0
0.0235	0.0067	119.438	156.939	-5.4365	-0.9661	0.252	0.0563	181	605	145	2	1	1
0.013	0.3647	119.432	156.941	-5.4362	-0.5999	0.7373	0.3108	604	606	145	2	2	0
0.0025	0.2954	119.213	157.21	-5.3228	-0.1373	0.9891	-0.054	605	0	145	2	3	0
0.0222	0.0242	119.53	156.913	-5.4246	0.8836	-0.2857	0.371	181	608	146	2	1	1
0.0222	0.1603	119.551	156.906	-5.4157	0.9748	0.0704	0.2118	607	609	146	2	2	0
0.0233	0.0994	119.705	156.897	-5.3895	0.9183	-0.2125	0.3339	608	610	146	2	3	0
0.0163	0.1243	119.797	156.865	-5.3605	0.8889	-0.1669	0.4266	609	611	146	2	4	0
0.0195	0.1146	119.895	156.843	-5.2986	0.4287	-0.8165	0.3867	610	612	146	2	5	0
0.0143	0.2767	119.944	156.749	-5.2543	0.4911	-0.6715	-0.5549	611	0	146	2	6	0
0.0184	0.0855	119.882	156.607	-5.5058	-0.1535	0.9881	-0.0136	182	614	147	2	1	1
0.0092	0.1018	119.868	156.674	-5.5095	0.2976	-0.1414	0.9442	613	0	147	2	2	0
0.0191	0.1072	119.268	156.721	-5.4879	0.783	-0.4676	-0.4101	186	616	148	2	1	1
0.0096	0.2708	119.352	156.67	-5.5318	-0.6995	-0.4766	-0.5325	615	0	148	2	2	0
0.0184	0.099	119.252	156.726	-5.4693	0.7959	-0.605	-0.0224	186	618	149	2	1	1
0.0092	0.3143	119.331	156.666	-5.4715	0.9153	-0.234	-0.3279	617	0	149	2	2	0
0.0175	0.0185	119.02	157.08	-5.5928	-0.5924	0.7308	0.3391	191	620	150	2	1	1
0.0087	0.1951	119.009	157.094	-5.5865	-0.5939	0.5407	0.5958	619	0	150	2	2	0
0.0224	0.0647	118.987	157.106	-5.596	-0.6834	0.7037	0.1945	191	622	151	2	1	1
0.0112	0.1218	118.954	157.155	-5.575	-0.4082	0.9057	0.1139	621	0	151	2	2	0
0.0223	0.2807	119.039	157.02	-5.6214	-0.9663	-0.2197	-0.1344	191	624	152	2	1	1
0.0111	0.3342	118.751	156.952	-5.6555	0.2034	-0.7786	-0.5937	623	0	152	2	2	0
0.0224	0.2334	119.039	157.024	-5.6071	-0.9137	-0.0768	0.3991	191	626	153	2	1	1
0.0112	0.1868	118.844	157.081	-5.5341	-0.7231	-0.0099	-0.6906	625	0	153	2	2	0
0.0167	0.2342	118.794	157.403	-5.5882	0.6773	0.2943	0.6743	192	628	154	2	1	0
0.0083	0.1823	118.952	157.472	-5.4303	0.5875	0.2754	0.7609	627	0	154	2	2	0
0.0167	0.176	118.824	157.366	-5.5755	-0.0358	-0.8235	0.5662	192	630	155	2	1	1
0.0096	0.1579	118.811	157.216	-5.5008	-0.4874	0.8717	-0.05	629	631	155	2	2	0
0.0025	0.1488	118.734	157.353	-5.5087	-0.3218	0.8756	-0.3604	630	0	155	2	3	0
0.0167	0.0527	118.828	157.378	-5.6052	0.166	-0.6712	-0.7224	192	633	156	2	1	1
0.0083	0.0761	118.837	157.343	-5.6432	0.3455	0.832	-0.4342	632	0	156	2	2	0
0.0104	0.0198	118.636	157.528	-5.8102	-0.7511	0.3583	-0.5545	193	635	157	2	1	1
0.0052	0.2845	118.621	157.535	-5.8212	-0.7405	-0.3749	-0.5578	634	0	157	2	2	0
0.0139	0.0495	118.572	157.613	-5.8949	-0.1511	0.2136	-0.9652	194	637	158	2	1	1
0.007	0.1395	118.564	157.623	-5.9427	-0.1398	0.4462	-0.8839	636	0	158	2	2	0
0.0352	0.0186	119.427	157.364	-4.7117	0.5752	0.8164	0.0512	201	639	159	2	1	1
0.0189	0.477	119.462	157.302	-4.7678	0.9628	0.2658	0.0492	638	640	159	2	2	0
0.0025	0.2665	119.921	157.429	-4.7444	0.2465	0.6774	-0.6931	639	0	159	2	3	0
0.0216	0.043	119.346	157.197	-4.7025	0.8826	0.0528	0.4672	201	642	160	2	1	1
0.0108	0.3684	119.384	157.2	-4.6824	0.7865	-0.2274	-0.5741	641	0	160	2	2	0
0.028	0.1106	119.507	157.585	-4.6818	0.3266	-0.5844	0.7429	202	644	161	2	1	1
0.014	0.2473	119.535	157.489	-4.6177	0.977	-0.154	-0.1472	643	0	161	2	2	0
0.0212	0.0532	119.542	157.758	-4.6808	0.7646	0.6239	0.1616	203	646	162	2	1	1
0.0212	0.2258	119.582	157.791	-4.6722	0.9272	-0.1432	-0.3462	645	647	162	2	2	0
0.0225	0.1481	119.769	157.781	-4.7605	0.7275	0.6681	-0.1563	646	648	162	2	3	0
0.0186	0.2255	119.876	157.883	-4.7793	0.7847	-0.5288	0.3233	647	649	162	2	4	0
0.0109	0.269	120.047	157.759	-4.7076	0.263	-0.5806	0.7705	648	0	162	2	5	0
0.0233	0.2184	119.455	157.839	-4.6497	-0.3715	0.4872	-0.7903	204	651	163	2	1	0
0.0129	0.1148	119.385	157.954	-4.8288	-0.6639	0.5412	-0.516	650	652	163	2	2	0
0.0025	0.2154	119.314	158.024	-4.9011	-0.5029	0.8011	0.3246	651	0	163	2	3	0
0.0233	0.0647	119.502	157.92	-4.7043	-0.9985	-0.0251	0.0491	204	654	164	2	1	1
0.0117	0.2726	119.455	157.95	-4.7075	-0.8729	0.4741	-0.1152	653	0	164	2	2	0
0.0025	0.1029	119.364	157.352	-4.7861	0.3656	0.9061	-0.2126	209	656	165	2	1	1
0.0013	0.1466	119.402	157.446	-4.8079	-0.5703	0.7828	-0.249	655	0	165	2	2	0
0.0025	0.1576	119.366	157.355	-4.7801	0.3693	0.7549	0.542	209	658	166	2	1	1
0.0013	0.1606	119.436	157.478	-4.6894	0.3937	0.0123	-0.9192	657	0	166	2	2	0
0.0025	0.1166	119.366	157.352	-4.7818	0.5667	0.6182	0.5446	209	660	167	2	1	1
0.0013	0.31	119.417	157.412	-4.7259	-0.3321	-0.1913	0.9237	659	0	167	2	2	0
0.0025	0.0443	118.887	157.191	-4.8962	0.7425	0.6502	-0.1607	214	662	168	2	1	1
0.0013	0.2054	118.92	157.219	-4.9033	-0.16	0.9401	-0.301	661	0	168	2	2	0
0.0226	0.0482	119.002	157.133	-4.7941	0.0039	0.8429	0.5381	213	664	169	2	1	1
0.0113	0.1487	119.002	157.174	-4.7681	0.664	0.4764	0.5763	663	0	169	2	2	0
0.0156	0.1714	119.233	157.366	-4.016	0.0086	0.9947	0.1024	219	666	170	2	1	1
0.0078	0.2195	119.234	157.537	-3.9984	0.2375	0.3277	-0.9144	665	0	170	2	2	0
0.0025	0.1469	119.326	157.484	-4.1785	0.3315	0.5569	-0.7615	220	668	171	2	1	1
0.0013	0.1964	119.397	157.591	-4.2828	0.7637	-0.5947	-0.2513	667	0	171	2	2	0
0.0267	0.013	119.064	157.258	-3.7392	-0.8238	0.5666	-0.0171	224	670	172	2	1	1
0.0186	0.2024	119.053	157.265	-3.7395	-0.3068	0.7358	0.6037	669	671	172	2	2	0
0.0106	0.1511	118.994	157.418	-3.6328	-0.4363	0.8855	0.16	670	672	172	2	3	0
0.0025	0.4007	118.93	157.553	-3.6089	-0.7423	0.638	-0.2049	671	0	172	2	4	0
0.0171	0.0596	119.156	157.512	-3.6757	0.2628	0.9274	0.2661	225	674	173	2	1	1
0.0085	0.2982	119.172	157.567	-3.6599	0.4764	0.6537	-0.588	673	0	173	2	2	0
0.0222	0.1415	118.809	157.846	-3.8328	0.6674	-0.2621	0.697	227	676	174	2	1	1
0.0111	0.0964	118.895	157.822	-3.7132	0.8884	-0.1216	0.4426	675	0	174	2	2	0
0.0305	0.1079	119.005	157.701	-3.6301	-0.7278	0.6456	-0.2312	226	678	175	2	1	1
0.0152	0.2098	118.927	157.771	-3.6551	-0.741	-0.1836	0.6459	677	0	175	2	2	0
0.0222	0.0523	118.803	157.864	-3.7908	0.2179	0.1654	0.9618	227	680	176	2	1	1
0.0111	0.3912	118.84	157.875	-3.7373	0.0243	0.757	-0.653	679	0	176	2	2	0
0.0205	0.0614	119.518	157.431	-2.2737	-0.2453	-0.299	0.9222	242	682	177	2	1	1
0.0102	0.0379	119.503	157.413	-2.2172	-0.3362	-0.7047	0.6248	681	0	177	2	2	0
0.0261	0.0236	119.316	157.225	-2.5372	0.2414	-0.1242	0.9624	239	684	178	2	1	1
0.013	0.1179	119.322	157.222	-2.5145	-0.862	-0.4718	-0.1855	683	0	178	2	2	0
0.0152	0.0534	120.785	157.413	-1.0704	0.8465	-0.1379	-0.5142	255	686	179	2	1	1
0.0076	0.1338	120.824	157.391	-1.0929	-0.6099	-0.0164	-0.7923	685	0	179	2	2	0
0.0071	0.0556	121.14	157.304	-0.5142	-0.5948	-0.5784	-0.5582	261	688	180	2	1	1
0.0036	0.1335	121.1	157.277	-0.5431	-0.1224	-0.56	0.8194	687	0	180	2	2	0
0.0183	0.0728	118.879	157.154	-2.6705	-0.6882	0.4116	-0.5975	263	690	181	2	1	1
0.0091	0.1815	118.829	157.184	-2.714	-0.749	0.5044	0.4297	689	0	181	2	2	0
0.0158	0.0598	118.853	157.195	-2.6857	-0.6317	0.6114	-0.4766	263	692	182	2	1	1
0.0079	0.1749	118.815	157.232	-2.7142	-0.6427	0.0132	-0.766	691	0	182	2	2	0
0.0025	0.0518	118.722	157.393	-2.84	0.2499	-0.9569	-0.1482	264	694	183	2	1	1
0.0013	0.2172	118.735	157.343	-2.8477	-0.8486	0.509	-0.1444	693	0	183	2	2	0
0.0025	0.052	118.723	157.395	-2.8416	0.6325	-0.1603	-0.7578	264	696	184	2	1	1
0.0013	0.2244	118.746	157.4	-2.8642	0.2714	0.8152	-0.5116	695	0	184	2	2	0
0.0185	0.0755	118.801	157.1	-1.9885	0.7794	0.0166	0.6263	268	698	185	2	1	1
0.0185	0.1733	118.86	157.102	-1.9412	-0.3121	0.1254	0.9417	697	699	185	2	2	0
0.0182	0.1442	118.805	157.106	-1.7785	-0.9798	0.0804	-0.1831	698	700	185	2	3	0
0.0146	0.1333	118.663	157.118	-1.8049	-0.3458	0.5321	-0.7729	699	701	185	2	4	0
0.0087	0.1775	118.618	157.183	-1.9149	-0.4621	0.6669	-0.5846	700	0	185	2	5	0
0.0214	0.0821	118.71	157.188	-1.3562	0.5221	-0.1392	0.8414	277	703	186	2	1	1
0.0107	0.2443	118.753	157.176	-1.2872	0.2827	0.0125	0.9591	702	0	186	2	2	0
0.0214	0.1522	118.711	157.199	-1.365	0.695	0.2783	0.6629	277	705	187	2	1	1
0.0107	0.5438	118.715	157.264	-1.3651	0.6543	0.5282	-0.5413	704	0	187	2	2	0
0.0133	0.0671	118.555	157.045	-1.1097	0.8959	0.0303	-0.4432	279	707	188	2	1	1
0.0067	0.1797	118.616	157.053	-1.1523	-0.5135	-0.7769	-0.3644	706	0	188	2	2	0
0.0128	0.1866	118.956	157.802	-1.5269	0.535	-0.4946	-0.685	289	709	189	2	1	1
0.0064	0.1561	119.056	157.71	-1.6547	0.8236	-0.4816	-0.2995	708	0	189	2	2	0
0.0182	0.0243	118.885	157.286	-1.0918	-0.7193	0.3155	0.6189	291	711	190	2	1	1
0.0091	0.1467	118.868	157.294	-1.0768	-0.8832	0.276	-0.3792	710	0	190	2	2	0
0.0182	0.0952	118.912	157.298	-1.1019	0.4843	0.8531	0.1941	291	713	191	2	1	1
0.0091	0.1527	118.958	157.379	-1.0834	-0.7526	0.522	-0.4013	712	0	191	2	2	0
0.0096	0.0575	119.019	157.249	-1.1595	-0.1535	0.9177	-0.3665	293	715	192	2	1	1
0.0048	0.1289	119.004	157.275	-1.168	-0.3556	0.4426	0.8232	714	0	192	2	2	0
0.0237	0.0372	119.135	157.304	-0.8636	0.6154	0.7054	0.3518	297	717	193	2	1	1
0.0118	0.1444	119.166	157.328	-0.863	0.465	0.8613	0.2049	716	0	193	2	2	0
0.0139	0.1591	119.142	157.295	-0.8728	0.9076	0.4188	0.0292	297	719	194	2	1	1
0.0069	0.2678	119.286	157.361	-0.8682	0.6947	0.5586	-0.4532	718	0	194	2	2	0
0.009	0.1525	119.577	157.467	0.5552	0.9724	-0.1717	0.1581	312	721	195	2	1	1
0.0045	0.1701	119.718	157.435	0.5747	0.6911	-0.7182	-0.0808	720	0	195	2	2	0
0.009	0.1591	119.573	157.48	0.5502	0.7052	0.6841	-0.1865	312	723	196	2	1	1
0.0045	0.1788	119.676	157.588	0.5202	-0.0694	0.9059	-0.4177	722	0	196	2	2	0
0.0201	0.0471	119.477	157.632	1.5591	0.4162	-0.892	0.1764	314	725	197	2	1	1
0.0101	0.13	119.497	157.59	1.5674	0.3333	-0.1742	0.9266	724	0	197	2	2	0
0.017	0.0194	119.877	157.637	1.9664	0.7985	0.2774	0.5343	319	727	198	2	1	1
0.0098	0.21	119.892	157.643	1.9768	0.7677	0.4381	-0.4677	726	728	198	2	2	0
0.0025	0.4127	120.06	157.735	1.8704	-0.675	0.5419	-0.5007	727	0	198	2	3	0
0.0125	0.2403	119.945	157.66	2.0935	0.2394	0.7286	-0.6417	320	0	199	2	1	0
0.0197	0.0545	119.977	157.632	2.2368	-0.0141	-0.1596	0.9871	321	731	200	2	1	1
0.0098	0.3631	119.976	157.623	2.2906	0.109	-0.9936	0.0308	730	0	200	2	2	0
0.0155	0.015	120.225	157.672	2.6038	0.8678	-0.3873	-0.3114	324	733	201	2	1	1
0.0155	0.1885	120.238	157.667	2.5992	0.5777	0.7387	-0.3473	732	734	201	2	2	0
0.0155	0.1244	120.344	157.806	2.5299	0.5959	0.7415	-0.3083	733	735	201	2	3	0
0.0133	0.1629	120.433	157.888	2.4946	0.5061	0.5372	-0.6747	734	736	201	2	4	0
0.0077	0.2483	120.515	157.966	2.387	0.9256	-0.1822	-0.3317	735	0	201	2	5	0
0.0123	0.0497	120.357	157.751	2.8372	-0.9541	-0.2936	-0.0596	326	738	202	2	1	1
0.009	0.2542	120.304	157.723	2.8324	-0.9291	0.3612	-0.0791	737	739	202	2	2	0
0.0058	0.19	120.065	157.814	2.8192	-0.9216	0.101	-0.3747	738	740	202	2	3	0
0.0025	0.1546	119.886	157.851	2.7521	-0.7477	-0.0152	-0.6638	739	0	202	2	4	0
0.0123	0.007	120.351	157.745	2.7681	-0.2572	-0.1325	-0.9572	326	742	203	2	1	1
0.0061	0.2259	120.349	157.746	2.7724	0.587	0.7996	-0.1268	741	0	203	2	2	0
0.0103	0.0658	120.388	157.787	3.0001	0.2633	0.2503	-0.9317	327	744	204	2	1	1
0.0064	0.2032	120.405	157.803	2.9388	0.4485	-0.8839	-0.1327	743	745	204	2	2	0
0.0025	0.1836	120.488	157.621	2.9066	0.4017	-0.8866	-0.2291	744	0	204	2	3	0
0.0123	0.0676	120.382	157.758	2.8387	0.9682	0.2433	0.0588	326	747	205	2	1	1
0.009	0.1732	120.441	157.782	2.8456	0.7339	0.675	0.0754	746	748	205	2	2	0
0.0058	0.4308	120.568	157.898	2.8586	0.3818	0.7573	-0.5298	747	749	205	2	3	0
0.0025	0.2495	120.733	158.225	2.6303	0.3875	0.9205	0.0505	748	0	205	2	4	0
0.0103	0.1164	120.374	157.774	3.0108	-0.7083	-0.6873	-0.1613	327	751	206	2	1	1
0.0077	0.1845	120.285	157.7	2.985	-0.721	-0.6816	0.1251	750	752	206	2	2	0
0.0051	0.1855	120.152	157.574	3.0081	-0.5953	-0.774	-0.2156	751	753	206	2	3	0
0.0025	0.2395	120.037	157.432	2.9768	-0.7437	-0.6212	-0.247	752	0	206	2	4	0
0.0155	0.1063	119.75	156.809	1.149	0.5719	-0.8195	-0.0362	336	755	207	2	1	1
0.0112	0.1679	119.811	156.721	1.1451	-0.0037	0.7188	0.6952	754	756	207	2	2	0
0.0068	0.0992	119.809	156.855	1.2627	0.3287	-0.0366	0.9437	755	757	207	2	3	0
0.0025	0.2065	119.841	156.852	1.3563	-0.4195	0.731	0.5382	756	0	207	2	4	0
0.0125	0.0449	119.655	156.775	1.0334	-0.6809	0.5812	0.4456	337	759	208	2	1	1
0.0092	0.2055	119.624	156.801	1.0534	0.1039	0.5255	-0.8444	758	760	208	2	2	0
0.0058	0.1523	119.648	156.903	0.8695	-0.8966	0.269	-0.3518	759	761	208	2	3	0
0.0025	0.1817	119.511	156.944	0.8159	-0.7181	0.683	-0.1335	760	0	208	2	4	0
0.008	0.0474	119.8	156.739	0.9534	-0.4696	0.572	-0.6725	338	763	209	2	1	1
0.004	0.1248	119.777	156.766	0.9215	-0.5325	-0.6979	-0.4789	762	0	209	2	2	0
0.0114	0.0298	119.938	156.597	2.9491	0.4045	-0.0303	0.9141	345	765	210	2	1	1
0.0069	0.2414	119.951	156.596	2.9764	-0.3116	-0.226	0.923	764	766	210	2	2	0
0.0025	0.2275	119.885	156.55	3.1889	0.6595	0.1342	0.7397	765	0	210	2	3	0
0.0114	0.0587	119.919	156.606	2.9378	-0.8578	0.514	-0.0078	345	768	211	2	1	1
0.0057	0.1507	119.869	156.636	2.9373	-0.4936	0.8239	0.2784	767	0	211	2	2	0
0.0114	0.0639	119.921	156.598	2.9347	-0.9644	0.0656	-0.2563	345	770	212	2	1	1
0.0069	0.2101	119.86	156.602	2.9183	-0.568	-0.7466	0.3465	769	771	212	2	2	0
0.0025	0.1779	119.763	156.439	2.9924	-0.2592	-0.774	0.5777	770	0	212	2	3	0
0.0079	0.034	120.139	156.029	2.7225	0.6197	-0.6892	0.3755	348	773	213	2	1	1
0.0052	0.1933	120.151	156	2.7296	0.6026	-0.793	-0.0895	772	774	213	2	2	0
0.0025	0.1405	120.268	155.847	2.7123	-0.4125	-0.911	-0.0009	773	0	213	2	3	0
0.0063	0.0227	120.272	155.937	2.6691	0.225	-0.6158	0.7551	349	776	214	2	1	1
0.0032	0.0878	120.291	155.924	2.6882	-0.1663	0.4443	0.8803	775	0	214	2	2	0
0.0063	0.0296	120.275	155.94	2.6589	0.6537	-0.0752	-0.753	349	778	215	2	1	1
0.0032	0.1531	120.294	155.938	2.6366	0.3297	-0.8108	-0.4836	777	0	215	2	2	0
0.0045	0.0979	120.213	155.822	2.5643	0.593	0.7193	-0.3619	350	780	216	2	1	1
0.0022	0.139	120.271	155.892	2.5288	-0.9716	-0.0174	-0.2361	779	0	216	2	2	0
0.0073	0.0619	120.42	156.455	2.6692	-0.3678	-0.9282	-0.057	354	782	217	2	1	1
0.0037	0.3067	120.397	156.398	2.6657	0.341	-0.4925	-0.8007	781	0	217	2	2	0
0.0059	0.1392	120.168	156.463	3.1781	-0.1219	-0.5537	0.8238	365	784	218	2	1	1
0.003	0.0361	120.151	156.386	3.2928	-0.0345	-0.2857	0.9577	783	0	218	2	2	0
0.0056	0.0353	120.164	156.134	3.1073	0.2388	-0.6348	-0.7349	368	786	219	2	1	1
0.0028	0.2303	120.172	156.112	3.0813	-0.4747	-0.8265	-0.3026	785	0	219	2	2	0
0.005	0.0583	120.2	156.105	2.9601	-0.0238	-0.412	-0.9109	369	788	220	2	1	1
0.0025	0.1366	120.199	156.081	2.9069	0.8196	-0.1439	-0.5546	787	0	220	2	2	0
0.0056	0.084	120.158	156.145	3.1106	-0.4613	0.3903	-0.7968	368	790	221	2	1	1
0.0041	0.2207	120.119	156.177	3.0437	-0.5677	-0.4097	-0.714	789	791	221	2	2	0
0.0025	0.2198	119.999	156.083	2.8846	-0.4214	-0.3024	-0.855	790	0	221	2	3	0
0.0041	0.0854	120.125	156.621	3.2065	-0.545	0.6982	-0.4642	376	793	222	2	1	1
0.0026	0.2293	120.099	156.662	3.1892	0.5907	0.7989	0.1129	792	794	222	2	2	0
0.001	0.1593	120.235	156.845	3.2151	0.9413	0.0613	-0.3318	793	0	222	2	3	0
0.0101	0.0313	118.346	156.091	-8.1277	-0.9289	0.0486	-0.367	399	796	223	3	1	1
0.005	0.161	118.322	156.083	-8.1273	-0.0939	-0.7877	-0.6089	795	0	223	3	2	0
0.0113	0.0511	118.273	156.186	-8.0727	-0.8768	-0.218	0.4285	400	798	224	3	1	1
0.0084	0.1545	118.228	156.175	-8.0508	-0.9272	-0.3053	-0.2172	797	799	224	3	2	0
0.0054	0.148	118.092	156.123	-8.087	-0.5493	-0.4167	-0.7243	798	800	224	3	3	0
0.0025	0.1499	118.011	156.061	-8.1942	-0.6172	-0.6976	0.3639	799	0	224	3	4	0
0.0058	0.2294	118.15	156.417	-8.2553	-0.8397	0.1421	-0.5242	402	802	225	3	1	1
0.0029	0.0989	117.958	156.45	-8.3755	-0.3939	0.7702	0.5016	801	0	225	3	2	0
0.0162	0.0305	118.706	156.12	-8.1317	-0.7379	0.1893	-0.6478	403	804	226	3	1	1
0.0081	0.0992	118.683	156.126	-8.1515	-0.8071	-0.1867	-0.5601	803	0	226	3	2	0
0.0081	0.1945	118.688	156.082	-8.1397	-0.6086	0.1433	-0.7805	404	806	227	3	1	1
0.0041	0.1285	118.541	156.123	-8.3062	-0.4351	-0.8968	0.0804	805	0	227	3	2	0
0.0168	0.0268	118.445	156.041	-8.3818	0.773	-0.4011	-0.4915	411	808	228	3	1	1
0.0084	0.1228	118.466	156.03	-8.395	0.0618	-0.8504	-0.5225	807	0	228	3	2	0
0.0165	0.0426	118.244	156.07	-8.4588	-0.6415	0.6652	-0.3821	413	810	229	3	1	1
0.0095	0.1856	118.217	156.099	-8.4751	-0.5411	0.8043	-0.2457	809	811	229	3	2	0
0.0025	0.1129	118.117	156.248	-8.5207	-0.7395	0.3934	0.5463	810	0	229	3	3	0
0.0116	0.0692	118.154	156.032	-8.5288	-0.0142	0.6916	0.7221	414	813	230	3	1	1
0.007	0.1428	118.152	156.076	-8.4696	-0.9477	-0.1988	-0.2497	812	814	230	3	2	0
0.0025	0.1232	118.016	156.048	-8.5052	-0.9772	-0.1861	-0.1022	813	0	230	3	3	0
0.0117	0.0696	118.895	155.775	-8.3298	-0.957	0.2653	0.1174	420	816	231	3	1	1
0.0058	0.1069	118.833	155.8	-8.33	0.003	-0.7829	-0.6222	815	0	231	3	2	0
0.005	0.0758	118.731	155.743	-8.2821	0.3121	-0.4412	0.8414	424	0	232	3	1	0
0.0093	0.0535	118.84	155.039	-8.7003	-0.0696	-0.9019	0.4264	433	819	233	3	1	1
0.0047	0.0531	118.837	154.991	-8.6774	-0.3373	-0.8143	0.4724	818	0	233	3	2	0
0.0105	0.0455	118.822	155.042	-8.7161	-0.8227	-0.3681	-0.4331	433	821	234	3	1	1
0.0053	0.1488	118.787	155.038	-8.7295	-0.6411	-0.2151	0.7367	820	0	234	3	2	0
0.01	0.021	119.15	154.976	-8.8956	0.9228	-0.1163	-0.3674	441	823	235	3	1	1
0.005	0.1425	119.169	154.974	-8.9033	0.9226	-0.2775	0.268	822	0	235	3	2	0
0.0092	0.0299	118.948	154.818	-8.7981	-0.3472	0.9358	0.062	444	825	236	3	1	1
0.0046	0.1385	118.911	154.824	-8.7884	0.0783	0.2516	0.9646	824	0	236	3	2	0
0.0102	0.2929	118.884	156.922	-7.4387	-0.1813	-0.2611	0.9481	453	827	237	3	1	1
0.0051	0.0446	118.822	156.84	-7.1687	0.6879	-0.6072	-0.3977	826	0	237	3	2	0
0.0123	0.0536	117.963	157.036	-7.3699	0.8079	-0.3078	-0.5025	459	829	238	3	1	1
0.0074	0.142	118.004	157.019	-7.4106	-0.155	-0.9855	0.0693	828	830	238	3	2	0
0.0025	0.0885	117.985	156.878	-7.4035	-0.3231	-0.9368	0.1341	829	0	238	3	3	0
0.0085	0.0936	117.919	157.129	-7.3035	0.4794	0.8648	0.1493	466	832	239	3	1	1
0.0042	0.058	117.964	157.21	-7.2895	-0.2318	0.9621	0.1436	831	0	239	3	2	0
0.0107	0.0522	117.742	156.86	-7.4028	-0.6314	0.2983	-0.7158	470	834	240	3	1	1
0.0054	0.1596	117.709	156.876	-7.4401	-0.8203	-0.1508	-0.5517	833	0	240	3	2	0
0.0066	0.0575	117.612	156.866	-7.1759	-0.7779	0.6149	0.13	476	836	241	3	1	1
0.0033	0.1029	117.544	156.867	-7.1636	-0.2466	0.0286	-0.9687	835	0	241	3	2	0
0.0113	0.0459	117.717	156.949	-7.3278	-0.9633	-0.0086	0.2684	480	838	242	3	1	1
0.0057	0.123	117.677	156.936	-7.2812	-0.9803	0.1077	0.1659	837	0	242	3	2	0
0.0113	0.0352	117.688	157.195	-7.1453	-0.3412	-0.7885	0.5117	483	840	243	3	1	1
0.0084	0.1146	117.676	157.167	-7.1273	-0.5741	0.8018	0.1656	839	841	243	3	2	0
0.0054	0.1383	117.596	157.258	-7.1009	0.0375	0.9759	0.2151	840	842	243	3	3	0
0.0025	0.1491	117.604	157.392	-7.0693	0.2744	0.8938	-0.3546	841	0	243	3	4	0
0.0111	0.0288	117.744	157.286	-7.181	0.8254	0.4657	-0.3191	484	844	244	3	1	1
0.0056	0.1829	117.768	157.3	-7.1902	0.9829	0.1382	-0.1213	843	0	244	3	2	0
0.0071	0.0481	117.757	157.463	-7.2392	0.346	-0.0556	-0.9366	486	846	245	3	1	1
0.0035	0.1634	117.774	157.46	-7.2842	0.5201	-0.8241	-0.2243	845	0	245	3	2	0
0.0092	0.0702	117.787	157.651	-7.2547	0.5409	-0.2743	-0.7951	488	848	246	3	1	1
0.007	0.2611	117.825	157.631	-7.3105	-0.6439	0.4284	0.6339	847	849	246	3	2	0
0.0047	0.1001	117.652	157.742	-7.1448	0.002	0.0877	0.9961	848	850	246	3	3	0
0.0025	0.1411	117.636	157.751	-7.0446	0.0309	-0.0229	0.9993	849	0	246	3	4	0
0.0079	0.0511	117.785	157.842	-7.2488	0.4103	0.26	0.8741	490	852	247	3	1	1
0.0052	0.127	117.797	157.857	-7.2093	-0.4615	0.3015	0.8343	851	853	247	3	2	0
0.0025	0.1318	117.738	157.895	-7.1034	-0.5212	-0.8424	-0.1365	852	0	247	3	3	0
0.0071	0.0393	117.766	157.927	-7.3144	0.0089	0.8762	-0.4818	491	855	248	3	1	1
0.0048	0.118	117.767	157.962	-7.3334	0.9926	0.1092	0.0523	854	856	248	3	2	0
0.0025	0.119	117.88	157.991	-7.3373	0.9803	0.1912	-0.0491	855	0	248	3	3	0
0.0025	0.121	117.291	156.57	-7.3949	0.4594	-0.659	0.5956	496	858	249	3	1	1
0.0013	0.0956	117.358	156.502	-7.3309	0.0194	-0.5883	-0.8084	857	0	249	3	2	0
0.0122	0.0442	117.526	156.578	-7.2433	0.5192	0.8546	-0.0058	498	860	250	3	1	1
0.0061	0.0621	117.549	156.615	-7.2435	0.5647	0.2032	0.7999	859	0	250	3	2	0
0.0106	0.0416	117.867	156.679	-7.1571	-0.881	-0.4648	-0.088	501	862	251	3	1	1
0.0066	0.1826	117.83	156.66	-7.1608	-0.0108	-0.975	0.222	861	863	251	3	2	0
0.0025	0.1068	117.833	156.478	-7.1296	-0.1967	-0.9374	0.2873	862	0	251	3	3	0
0.0106	0.05	117.882	156.691	-7.1461	0.1818	0.459	0.8696	501	865	252	3	1	1
0.0053	0.1836	117.889	156.717	-7.1108	-0.2144	0.8966	0.3874	864	0	252	3	2	0
0.008	0.1207	118.887	157.346	-7.5341	0.564	-0.8168	0.1214	515	867	253	3	1	1
0.004	0.0865	118.955	157.248	-7.5194	0.5279	-0.8493	0.0064	866	0	253	3	2	0
0.0165	0.0524	118.887	157.393	-7.5298	0.3316	0.9238	0.1916	515	869	254	3	1	1
0.0083	0.0435	118.905	157.441	-7.5197	-0.4424	0.5064	0.7402	868	0	254	3	2	0
0.0077	0.0991	118.777	157.27	-7.4784	-0.7368	0.5119	0.4417	516	871	255	3	1	1
0.0038	0.0531	118.704	157.321	-7.4346	-0.4086	0.446	0.7963	870	0	255	3	2	0
0.0043	0.1749	119.275	158.107	-7.5078	0.9132	-0.1853	-0.3628	526	873	256	3	1	1
0.0022	0.1168	119.436	158.076	-7.5764	0.9011	-0.3753	0.217	872	0	256	3	2	0
0.0149	0.1718	118.751	156.433	-7.3527	-0.5736	-0.7997	-0.1775	528	875	257	3	1	1
0.0107	0.2396	118.674	156.27	-7.3371	-0.2002	-0.8952	-0.3981	874	876	257	3	2	0
0.0066	0.1441	118.626	156.055	-7.4325	-0.0804	-0.9896	0.1195	875	877	257	3	3	0
0.0025	0.1891	118.614	155.913	-7.4152	0.1369	-0.9061	0.4003	876	0	257	3	4	0
0.0078	0.0218	118.29	156.258	-7.4492	-0.5914	0.5461	0.5933	539	879	258	3	1	1
0.0039	0.1118	118.274	156.275	-7.4314	-0.7729	-0.6225	0.123	878	0	258	3	2	0
0.0078	0.0673	118.188	156.352	-7.4173	0.8604	-0.3936	0.3237	540	881	259	3	1	1
0.0051	0.1645	118.243	156.325	-7.3873	0.9311	-0.089	0.3538	880	882	259	3	2	0
0.0025	0.2331	118.396	156.311	-7.3291	0.5274	-0.8109	0.2535	881	0	259	3	3	0
0.0078	0.0457	118.18	156.348	-7.4296	0.6678	-0.7103	-0.2225	540	884	260	3	1	1
0.006	0.1402	118.211	156.315	-7.4398	-0.6955	-0.5306	-0.4846	883	885	260	3	2	0
0.0043	0.1085	118.113	156.239	-7.511	-0.8124	-0.5135	0.2762	884	886	260	3	3	0
0.0025	0.1177	118.027	156.178	-7.4814	-0.8392	-0.3287	0.4332	885	0	260	3	4	0
0.0025	0.2078	118.744	156.249	-7.4003	0.6022	-0.7415	-0.2959	545	888	261	3	1	1
0.0013	0.0748	118.868	156.088	-7.4657	0.828	-0.335	0.4496	887	0	261	3	2	0
0.0186	0.1196	119.66	157.015	-6.362	0.7978	-0.5945	0.1001	548	890	262	3	1	1
0.0093	0.2873	119.707	156.964	-6.3634	0.3834	0.9236	-0.0042	889	0	262	3	2	0
0.0105	0.0988	119.63	157.149	-6.4555	-0.001	0.5248	-0.8513	549	0	263	3	1	0
0.0179	0.0331	119.766	156.633	-5.9853	-0.0186	-0.9168	0.3988	557	893	264	3	1	1
0.0089	0.3669	119.76	156.624	-5.9557	0.0492	-0.5882	0.8072	892	0	264	3	2	0
0.0121	0.0694	120.028	156.427	-6.0184	-0.3516	-0.4272	-0.833	558	895	265	3	1	1
0.0073	0.2546	120.025	156.403	-6.0578	0.6449	-0.4314	-0.6309	894	896	265	3	2	0
0.0025	0.1792	120.189	156.293	-6.2184	0.8076	-0.5741	-0.1347	895	0	265	3	3	0
0.0087	0.0578	120.024	156.266	-6.0618	0.1865	0.8021	-0.5674	559	898	266	3	1	1
0.0043	0.234	120.044	156.31	-6.0861	0.2725	-0.7831	-0.559	897	0	266	3	2	0
0.018	0.0247	119.699	156.669	-6.0671	0.5735	0.3793	0.7261	560	900	267	3	1	1
0.0128	0.2491	119.729	156.663	-6.0663	0.4194	0.8325	-0.3619	899	901	267	3	2	0
0.0077	0.193	119.849	156.871	-6.1545	0.1051	0.3205	-0.9414	900	902	267	3	3	0
0.0025	0.2399	119.874	156.927	-6.3392	0.2268	0.606	-0.7624	901	0	267	3	4	0
0.018	0.0425	119.968	156.557	-6.0463	0.8636	-0.2508	0.4373	562	904	268	3	1	1
0.009	0.2177	120.004	156.546	-6.0277	0.9232	-0.3638	0.1242	903	0	268	3	2	0
0.018	0.0595	119.948	156.572	-6.077	0.1789	0.3744	-0.9098	562	906	269	3	1	1
0.009	0.1336	119.971	156.564	-6.1074	0.2894	-0.5262	-0.7996	905	0	269	3	2	0
0.0169	0.0756	120.196	156.63	-6.1561	-0.1294	-0.9868	0.0973	564	908	270	3	1	1
0.0121	0.2536	120.186	156.555	-6.1487	0.9454	-0.0767	-0.3167	907	909	270	3	2	0
0.0073	0.1594	120.423	156.548	-6.2308	0.1527	-0.1156	-0.9815	908	910	270	3	3	0
0.0025	0.2333	120.447	156.53	-6.3873	0.7861	-0.2287	-0.5742	909	0	270	3	4	0
0.013	0.1356	119.172	157.109	-6.7516	-0.4833	0.7184	-0.5003	575	0	271	3	1	0
0.0136	0.0557	118.535	156.021	-6.3569	-0.8986	-0.1663	-0.4061	577	913	272	3	1	1
0.0068	0.2797	118.485	156.012	-6.3796	-0.6923	0.3019	-0.6554	912	0	272	3	2	0
0.0131	0.0235	118.69	155.865	-6.1379	0.3101	-0.1858	0.9324	584	915	273	3	1	1
0.0065	0.2489	118.697	155.86	-6.116	-0.5314	0.6801	0.505	914	0	273	3	2	0
0.0146	0.016	118.714	155.88	-6.16	0.9161	0.3607	-0.1752	584	917	274	3	1	1
0.0085	0.2414	118.719	155.879	-6.1627	0.5113	-0.7953	0.3256	916	918	274	3	2	0
0.0025	0.2137	118.842	155.687	-6.0841	0.3872	-0.9166	0.0991	917	0	274	3	3	0
0.0151	0.0356	118.439	155.842	-6.2166	-0.8562	-0.2856	-0.4304	585	920	275	3	1	1
0.0075	0.2673	118.407	155.838	-6.2365	-0.8346	0.1096	0.5399	919	0	275	3	2	0
0.0165	0.0864	118.575	155.922	-6.3688	-0.1439	-0.5013	-0.8532	587	922	276	3	1	1
0.0095	0.2116	118.562	155.886	-6.4714	-0.9698	-0.242	-0.0307	921	923	276	3	2	0
0.0025	0.1846	118.358	155.827	-6.4806	-0.9748	-0.1983	-0.1016	922	0	276	3	3	0
0.0192	0.0725	119.289	156.506	-5.6643	-0.8212	0.3895	-0.417	600	925	277	3	1	1
0.0096	0.2289	119.242	156.492	-5.6942	-0.9273	-0.2887	-0.2382	924	0	277	3	2	0
0.0136	0.3511	119.475	156.919	-5.4181	0.6066	-0.191	0.7717	602	927	278	3	1	1
0.0068	0.2833	119.688	156.852	-5.1472	-0.3446	-0.7202	-0.6022	926	0	278	3	2	0
0.0041	0.0638	119.94	156.737	-5.2718	-0.1598	-0.5668	-0.8082	612	929	279	3	1	1
0.002	0.0123	119.93	156.701	-5.3234	-0.1725	0.0401	0.9842	928	0	279	3	2	0
0.0136	0.0386	119.931	156.743	-5.2481	-0.8408	-0.3688	0.3964	612	931	280	3	1	1
0.0068	0.189	119.881	156.746	-5.2436	-0.5753	-0.7656	-0.2881	930	0	280	3	2	0
0.0079	0.0971	118.95	157.48	-5.4259	-0.1992	0.8609	0.4681	628	933	281	3	1	1
0.004	0.1141	118.924	157.556	-5.373	-0.8512	0.4387	-0.2881	932	0	281	3	2	0
0.0091	0.0428	118.808	157.214	-5.4919	-0.3251	-0.1788	0.9286	630	935	282	3	1	1
0.0046	0.095	118.784	157.204	-5.4561	-0.2586	-0.3061	0.9162	934	0	282	3	2	0
0.0091	0.0525	118.796	157.237	-5.5111	-0.5596	0.745	-0.3631	630	937	283	3	1	1
0.0046	0.0988	118.757	157.272	-5.5218	-0.6679	0.0051	-0.7443	936	0	283	3	2	0
0.0025	0.2395	119.918	157.427	-4.7434	-0.8144	-0.5146	0.2682	640	939	284	3	1	1
0.0013	0.1143	119.723	157.304	-4.6791	0.7846	-0.4476	-0.429	938	0	284	3	2	0
0.0202	0.0355	119.604	157.784	-4.7028	0.5708	-0.1913	-0.7985	646	941	285	3	1	1
0.0101	0.2018	119.61	157.785	-4.716	0.5542	0.8296	0.0683	940	0	285	3	2	0
0.0176	0.023	119.88	157.901	-4.7724	0.1647	0.9177	0.3616	648	943	286	3	1	1
0.0088	0.1076	119.888	157.902	-4.7625	0.975	0.2197	0.0332	942	0	286	3	2	0
0.01	0.0774	119.003	157.388	-3.6291	0.2603	-0.9584	0.117	671	945	287	3	1	1
0.0063	0.1901	119.023	157.314	-3.62	-0.1929	-0.9812	-0.0087	944	946	287	3	2	0
0.0025	0.2048	118.993	157.114	-3.6233	-0.7234	-0.4731	0.5029	945	0	287	3	3	0
0.007	0.0259	119.031	157.301	-3.7294	-0.5181	0.8235	0.2313	670	948	288	3	1	1
0.0035	0.1899	119.018	157.322	-3.7234	-0.9591	0.2823	0.0203	947	0	288	3	2	0
0.0025	0.0666	118.931	157.552	-3.6111	0.5551	-0.3838	-0.738	672	950	289	3	1	1
0.0013	0.1975	118.961	157.529	-3.6629	0.4565	0.6553	-0.6018	949	0	289	3	2	0
0.0107	0.0502	118.901	157.76	-3.6504	-0.9124	-0.3766	0.1601	678	952	290	3	1	1
0.0053	0.229	118.855	157.741	-3.6424	-0.35	0.8117	-0.4677	951	0	290	3	2	0
0.0025	0.2366	118.748	157.403	-2.8673	0.3197	0.614	-0.7216	696	954	291	3	1	1
0.0013	0.0345	118.824	157.548	-3.038	0.9744	-0.0371	-0.2219	953	0	291	3	2	0
0.0147	0.0214	120.348	157.8	2.5451	0.2397	-0.3768	0.8948	734	956	292	3	1	1
0.0074	0.171	120.397	157.775	2.5522	-0.1585	-0.8079	0.5676	955	0	292	3	2	0
0.0126	0.0394	120.432	157.878	2.4865	-0.093	-0.7901	-0.6059	735	958	293	3	1	1
0.0063	0.207	120.428	157.846	2.4626	-0.0438	0.8219	-0.568	957	0	293	3	2	0
0.0126	0.0282	120.424	157.898	2.4953	-0.6982	0.7139	0.0536	735	960	294	3	1	1
0.0063	0.2001	120.404	157.918	2.4968	-0.3237	0.8237	-0.4655	959	0	294	3	2	0
0.0055	0.0506	120.066	157.817	2.8141	0.0848	0.5219	-0.8488	739	962	295	3	1	1
0.0027	0.0943	120.07	157.843	2.7711	0.0559	0.9967	0.0581	961	0	295	3	2	0
0.0055	0.2281	120.065	157.809	2.8236	0.0194	-0.691	0.7226	739	964	296	3	1	1
0.0027	0.1432	120.079	157.66	2.995	-0.6878	0.2634	0.6764	963	0	296	3	2	0
0.0098	0.0926	120.395	157.79	3.0084	0.6031	0.3411	0.721	743	966	297	3	1	1
0.0062	0.2862	120.4	157.859	2.9993	0.0143	0.9026	0.4302	965	967	297	3	2	0
0.0025	0.2121	120.404	158.117	3.1224	0.2433	0.8971	-0.3688	966	0	297	3	3	0
0.0055	0.1599	120.565	157.904	2.8531	-0.3598	0.6442	-0.675	748	969	298	3	1	1
0.0027	0.1225	120.508	158.007	2.7452	-0.2067	0.6378	0.7419	968	0	298	3	2	0
0.0055	0.1233	120.578	157.906	2.8547	0.7407	0.6004	-0.3016	748	971	299	3	1	1
0.0027	0.1567	120.657	158.03	2.7956	-0.8089	-0.3975	-0.4332	970	0	299	3	2	0
0.0055	0.1026	120.571	157.897	2.8641	0.4688	-0.2041	0.8594	748	973	300	3	1	1
0.0027	0.5476	120.628	157.911	2.9423	0.6742	-0.3557	-0.6473	972	0	300	3	2	0
0.0049	0.0486	120.159	157.575	3.0079	0.9964	0.0792	-0.0305	752	975	301	3	1	1
0.0024	0.2127	120.205	157.579	3.0151	0.408	-0.9039	0.1284	974	0	301	3	2	0
0.0025	0.0588	120.038	157.43	2.9757	0.5345	-0.7265	-0.4318	753	977	302	3	1	1
0.0013	0.2048	120.053	157.394	2.949	-0.2894	-0.8635	-0.4131	976	0	302	3	2	0
0.0056	0.0418	119.649	156.908	0.8668	0.1902	0.866	-0.4625	760	979	303	3	1	1
0.0028	0.1873	119.657	156.945	0.8474	0.2886	0.9172	-0.2748	978	0	303	3	2	0
0.0066	0.119	119.956	156.595	2.9806	0.7989	-0.1626	0.5791	765	981	304	3	1	1
0.0045	0.3016	120.046	156.577	3.0765	-0.2499	-0.9683	0.0038	980	982	304	3	2	0
0.0025	0.1509	119.971	156.285	3.0776	-0.1322	-0.9122	-0.3878	981	0	304	3	3	0
0.0054	0.1941	119.862	156.641	2.9349	-0.8131	0.503	-0.2931	768	984	305	3	1	1
0.0027	0.1482	119.704	156.738	2.878	-0.1608	0.9177	-0.3632	983	0	305	3	2	0
0.0052	0.066	118.099	156.121	-8.0817	0.7656	-0.203	0.6105	799	986	306	4	1	1
0.0026	0.1236	118.149	156.107	-8.0414	0.0216	-0.954	0.2989	985	0	306	4	2	0
0.0025	0.177	118.004	156.051	-8.1915	-0.5567	-0.804	0.2089	800	988	307	4	1	1
0.0013	0.122	117.905	155.908	-8.1546	0.2734	-0.3257	0.9051	987	0	307	4	2	0
0.0067	0.0651	118.144	156.081	-8.4739	-0.7393	0.5153	-0.4334	813	990	308	4	1	1
0.0033	0.0902	118.096	156.115	-8.5021	0.0554	0.7816	0.6213	989	0	308	4	2	0
0.0044	0.046	118.91	154.823	-8.778	-0.1746	-0.1143	0.978	825	992	309	4	1	1
0.0022	0.1031	118.902	154.818	-8.733	-0.0901	-0.9958	0.0189	991	0	309	4	2	0
0.008	0.0391	117.68	157.171	-7.1212	0.5154	0.472	0.7152	840	994	310	4	1	1
0.004	0.1198	117.687	157.192	-7.0982	0.1242	0.9666	0.2241	993	0	310	4	2	0
0.0025	0.038	117.604	157.394	-7.0672	0.0009	0.5508	0.8346	842	996	311	4	1	1
0.0018	0.1088	117.604	157.415	-7.0355	-0.1006	0.1096	0.9889	995	997	311	4	2	0
0.001	0.115	117.595	157.427	-6.9274	-0.1322	-0.2706	0.9536	996	0	311	4	3	0
0.0066	0.034	117.828	157.638	-7.3086	0.395	0.8797	0.2646	848	999	312	4	1	1
0.0046	0.1707	117.838	157.665	-7.2879	0.6879	-0.7258	0.0063	998	1000	312	4	2	0
0.0025	0.2463	117.956	157.541	-7.2868	-0.2068	-0.9604	0.1869	999	0	312	4	3	0
0.0074	0.0266	118.181	156.348	-7.4377	0.1183	-0.0256	-0.9926	883	1002	313	4	1	1
0.0037	0.0744	118.172	156.325	-7.4736	0.8776	-0.4528	-0.1573	1001	0	313	4	2	0
0.0085	0.3099	119.763	156.6	-5.9079	0.0603	-0.445	0.8935	893	1004	314	4	1	1
0.0042	0.0998	119.799	156.457	-5.6312	0.2412	0.731	0.6384	1003	0	314	4	2	0
0.0025	0.0727	120.191	156.291	-6.2209	0.3182	-0.6265	-0.7115	896	1006	315	4	1	1
0.0013	0.0782	120.223	156.263	-6.2481	0.4103	0.6515	-0.6381	1005	0	315	4	2	0
0.0104	0.0748	119.747	156.671	-6.0674	0.9075	0.4157	-0.06	900	1008	316	4	1	1
0.0052	0.2574	119.815	156.702	-6.0719	0.8083	0.4045	-0.4279	1007	0	316	4	2	0
0.0025	0.0654	119.877	156.931	-6.3479	0.3001	0.3909	-0.8701	902	1010	317	4	1	1
0.0013	0.0889	119.896	156.938	-6.4085	0.9987	-0.0483	0.0149	1009	0	317	4	2	0
0.0115	0.069	120.198	156.542	-6.1518	0.6821	-0.7122	-0.1659	908	1012	318	4	1	1
0.0057	0.1523	120.238	156.51	-6.1652	0.6612	0.2066	-0.7212	1011	0	318	4	2	0
0.0069	0.1161	120.421	156.557	-6.2182	-0.1198	0.5677	0.8145	909	1014	319	4	1	1
0.0035	0.2497	120.316	156.558	-6.173	0.5891	-0.8069	-0.0426	1013	0	319	4	2	0
0.0069	0.0363	120.422	156.541	-6.2332	-0.1932	-0.9331	-0.3034	909	1016	320	4	1	1
0.0035	0.1617	120.414	156.507	-6.2442	0.9554	-0.0675	0.2875	1015	0	320	4	2	0
0.0069	0.0848	120.423	156.554	-6.239	-0.0494	0.6033	-0.796	909	1018	321	4	1	1
0.0035	0.2115	120.457	156.607	-6.3119	-0.1163	0.8129	-0.5707	1017	0	321	4	2	0
0.009	0.0767	118.548	155.886	-6.4629	-0.8484	-0.0046	0.5293	922	1020	322	4	1	1
0.0045	0.0958	118.483	155.885	-6.4223	-0.4776	-0.8488	-0.2266	1019	0	322	4	2	0
0.006	0.0226	119.019	157.314	-3.615	-0.5876	0.1545	0.7942	945	1022	323	4	1	1
0.003	0.1727	118.995	157.312	-3.5948	-0.4121	0.853	0.3204	1021	0	323	4	2	0
0.0033	0.3774	119.01	157.328	-3.7239	-0.7783	0.6248	-0.0618	948	1024	324	4	1	1
0.0017	0.156	118.717	157.571	-3.7462	-0.7609	0.0874	-0.6429	1023	0	324	4	2	0
0.007	0.0671	120.396	157.755	2.5577	-0.0429	-0.9637	0.2637	956	1026	325	4	1	1
0.0035	0.3139	120.398	157.699	2.5894	0.8945	0.1464	-0.4225	1025	0	325	4	2	0
0.006	0.2211	120.401	157.93	2.4836	-0.1596	0.6575	-0.7363	960	1028	326	4	1	1
0.003	0.1728	120.386	158.044	2.3268	0.8321	0.4814	-0.2753	1027	0	326	4	2	0
0.0059	0.0943	120.394	157.86	3.0014	-0.9303	0.1822	0.3184	966	1030	327	4	1	1
0.0029	0.2675	120.312	157.88	3.0367	-0.615	0.7663	0.1859	1029	0	327	4	2	0
0.0052	0.2083	120.575	157.898	2.8599	0.6663	0.1614	-0.728	972	1032	328	4	1	1
0.0026	0.2293	120.714	157.932	2.7082	0.5214	0.7061	-0.4791	1031	0	328	4	2	0
0.0026	0.0958	120.633	157.906	2.9387	0.6677	-0.6084	-0.429	973	1034	329	4	1	1
0.0013	0.2206	120.698	157.848	2.8976	0.5358	-0.2548	-0.805	1033	0	329	4	2	0
0.0025	0.0766	120.222	156.263	-6.2491	-0.5616	-0.2033	-0.802	1006	1036	330	5	1	1
0.0013	0.2007	120.179	156.247	-6.3106	-0.5898	-0.8044	-0.0715	1035	0	330	5	2	0
0.0055	0.1336	120.24	156.507	-6.1713	0.2292	-0.5221	-0.8215	1012	1038	331	5	1	1
0.0027	0.2231	120.281	156.442	-6.2787	0.4232	-0.582	-0.6944	1037	0	331	5	2	0
0.0066	0.1905	120.402	157.753	2.5541	0.829	-0.2346	-0.5076	1025	1040	332	5	1	1
0.0033	0.1629	120.547	157.684	2.4606	0.8905	-0.4492	0.0722	1039	0	332	5	2	0
