0.291864	3.07428	7.85098	8.33788	-0.0738064	-0.109481	0.12226	0.986441	0	2	1	0	1	0
0.252059	2.2341	7.51441	8.71374	2.95879	-0.0257871	0.00659347	0.999646	1	3	1	0	2	0
0.234231	2.10312	7.4568	8.72847	5.19209	-0.0166263	0.0219174	0.999622	2	4	1	0	3	0
0.224044	2.02628	7.42183	8.77457	7.29441	-0.0131512	0.0070918	0.999888	3	5	1	0	4	0
0.215875	1.95669	7.39518	8.78894	9.32047	-0.00851473	0.0116438	0.999896	4	6	1	0	5	0
0.208449	2.04673	7.37852	8.81172	11.277	-0.0102358	0.00975234	0.9999	5	7	1	0	6	0
0.204753	1.89468	7.35757	8.83168	13.3235	-0.0158244	0.0135344	0.999783	6	8	1	0	7	0
0.19813	1.86663	7.32759	8.85733	15.2177	-0.0345033	0.0139196	0.999308	7	9	1	0	8	0
0.190037	1.5745	7.26318	8.88331	17.0831	-0.0181568	0.0247192	0.99953	8	10	1	0	9	0
0.16891	1.39838	7.23459	8.92223	18.6568	-0.00233615	0.0456324	0.998956	9	11	1	0	10	0
0.174622	1.3342	7.23133	8.98604	20.0538	0.00650962	0.0335109	0.999417	10	12	1	0	11	0
0.171122	1.93469	7.24001	9.03075	21.3872	-0.109356	0.142641	0.983715	11	13	1	0	12	0
0.163722	2.16805	7.02844	9.30672	23.2904	0.389965	0.00777964	0.920797	12	14	1	0	13	0
0.084993	1.11349	7.87391	9.32358	25.2867	0.181467	0.155287	0.971059	13	15	1	0	14	0
0.0980091	1.32891	8.07597	9.49649	26.368	0.196326	-0.272071	0.942037	14	16	1	0	15	0
0.0665985	0.942637	8.33687	9.13494	27.6198	0.17558	-0.341528	0.923326	15	17	1	0	16	0
0.0721938	0.889266	8.50238	8.813	28.4902	0.514519	-0.18295	0.837735	16	18	1	0	17	0
0.0547317	0.99741	8.95992	8.65031	29.2352	0.376552	-0.071849	0.923605	17	19	1	0	18	0
0.0601192	1.71303	9.3355	8.57864	30.1564	0.142729	0.125205	0.981811	18	0	1	0	19	0
0.141368	0.731606	7.06053	8.94944	18.0392	-0.986885	0.269466	0.906499	9	21	2	1	1	0
0.138676	1.03491	6.58599	9.0548	18.554	-0.425558	0.0758851	0.901744	20	22	2	1	2	0
0.130222	0.838173	6.14558	9.13333	19.4872	-0.365066	0.127134	0.92226	21	23	2	1	3	0
0.121969	0.691418	5.83959	9.23989	20.2602	-0.470538	0.0885222	0.877928	22	24	2	1	4	0
0.106765	0.752792	5.51425	9.3011	20.8673	-0.192765	-0.00353578	0.981239	23	25	2	1	5	0
0.116365	0.80977	5.36914	9.29844	21.6059	-0.228568	0.210017	0.950605	24	26	2	1	6	0
0.104275	0.757234	5.18405	9.4685	22.3757	-0.344856	-0.218787	0.912801	25	27	2	1	7	0
0.0915349	0.670514	4.92291	9.30283	23.0669	-0.110945	-0.44573	0.888266	26	28	2	1	8	0
0.0908623	0.793348	4.84852	9.00396	23.6625	-0.195365	0.222585	0.955138	27	29	2	1	9	0
0.0846168	0.734867	4.69353	9.18055	24.4202	0.10923	0.0497714	0.99277	28	30	2	1	10	0
0.0833117	0.683329	4.7738	9.21712	25.1498	0.0111462	0.121424	0.992538	29	31	2	1	11	0
0.0730608	0.535194	4.78142	9.3001	25.828	-0.185903	-0.322273	0.928213	30	32	2	1	12	0
0.0816959	0.778942	4.68192	9.12762	26.3248	-0.123723	-0.410856	0.903266	31	33	2	1	13	0
0.0630329	0.734163	4.58555	8.80758	27.0284	-0.0588341	-0.426812	0.902425	32	34	2	1	14	0
0.0613357	0.621012	4.54236	8.49424	27.6909	0.300631	-0.781281	0.547011	33	35	2	1	15	0
0.0547259	0.925504	4.72905	8.00905	28.0306	0.191691	-0.654166	0.731656	34	36	2	1	16	0
0.0479213	0.547271	4.90646	7.40362	28.7078	0.393367	-0.363354	0.844533	35	37	2	1	17	0
0.0493624	0.730165	5.12174	7.20476	29.17	-0.21421	-0.198262	0.956455	36	38	2	1	18	0
0.0374036	1.00399	4.96533	7.06	29.8683	0.0605163	-0.358095	0.931722	37	39	2	1	19	0
0.0206053	0.945011	5.02609	6.70048	30.8038	0.27481	0.0896398	0.957311	38	0	2	1	20	0
0.0891791	1.46492	7.22909	8.85097	21.228	-0.0736319	-0.415903	0.906423	11	41	3	1	1	1
0.084116	0.690285	7.12123	8.24171	22.5558	-0.20923	-0.300506	0.930548	40	42	3	1	2	0
0.0909568	0.927578	6.9768	8.03427	23.1981	-0.0987764	-0.517332	0.850065	41	43	3	1	3	0
0.0787307	0.763001	6.88518	7.55441	23.9866	-0.175353	-0.636272	0.751272	42	44	3	1	4	0
0.064161	0.399348	6.75138	7.06893	24.5599	-0.0177148	-0.59601	0.802782	43	45	3	1	5	0
0.063597	0.506405	6.74431	6.83091	24.8804	0.0988937	-0.718174	0.6888	44	46	3	1	6	0
0.0750006	0.48928	6.79439	6.46723	25.2293	0.0830673	-0.628925	0.773016	45	47	3	1	7	0
0.0607106	0.686808	6.83503	6.15951	25.6075	-0.257452	-0.626576	0.735609	46	48	3	1	8	0
0.065913	0.558352	6.65821	5.72917	26.1127	-0.351921	-0.516772	0.780447	47	49	3	1	9	0
0.0679124	0.574093	6.46171	5.44063	26.5485	0.105389	-0.602191	0.791365	48	50	3	1	10	0
0.0685326	0.710243	6.52222	5.09491	27.0028	0.465653	-0.87946	0.0985788	49	51	3	1	11	0
0.0495522	0.908224	6.85294	4.47028	27.0728	0.465328	-0.124186	0.876383	50	52	3	1	12	0
0.0477588	0.832131	7.27557	4.35749	27.8687	0.792936	-0.0210314	0.608942	51	53	3	1	13	0
0.0433351	0.616709	7.93539	4.33999	28.3755	0.129357	-0.70015	0.70218	52	54	3	1	14	0
0.0420017	0.709768	8.01517	3.90821	28.8085	0.434334	-0.789319	0.43397	53	55	3	1	15	0
0.0300708	0.924305	8.32344	3.34797	29.1165	0.537392	-0.261836	0.801655	54	0	3	1	16	0
0.0484942	1.91779	7.30635	9.2071	21.5938	0.158824	0.493973	0.854848	12	0	4	1	1	0
0.044549	1.74419	7.23063	9.13137	22.7593	0.593502	0.0518235	0.803162	12	58	5	1	1	0
0.04522	0.389306	8.26581	9.22176	24.1602	0.79669	0.0984257	0.59632	57	59	5	1	2	0
0.0445008	0.443744	8.57596	9.26007	24.3923	0.748491	0.271256	0.605129	58	60	5	1	3	0
0.0560026	0.64995	8.9081	9.38044	24.6609	0.943897	-0.0788954	0.320676	59	61	5	1	4	0
0.0572209	0.621069	9.52159	9.32916	24.8693	0.385706	0.455794	0.802174	60	62	5	1	5	0
0.0653074	0.900464	9.76114	9.61224	25.3675	0.814819	0.309487	0.490192	61	63	5	1	6	0
0.0642421	1.24672	10.4949	9.89093	25.8089	0.495418	-0.629991	0.598058	62	0	5	1	7	0
0.127626	0.627421	7.42998	9.35736	24.6458	-0.874181	1.31981	-0.184922	13	65	6	1	1	1
0.122499	1.34047	6.98927	9.8174	24.5869	0.124419	0.0534082	0.990791	64	66	6	1	2	0
0.118605	1.08026	7.15605	9.88899	25.915	-0.555078	0.116701	0.823571	65	67	6	1	3	0
0.118778	1.317	6.55642	10.0151	26.8047	-0.169537	0.540227	0.824264	66	68	6	1	4	0
0.0769329	0.620946	6.33314	10.7265	27.8903	-0.0243515	0.716581	0.697079	67	69	6	1	5	0
0.0711996	0.516152	6.31802	11.1715	28.3231	-0.395146	0.712392	0.579963	68	70	6	1	6	0
0.0656314	1.2001	6.11407	11.5392	28.6225	-0.236684	0.851781	0.467385	69	71	6	1	7	0
0.0627095	1.02729	5.83002	12.5614	29.1834	-0.154149	0.940903	0.301562	70	72	6	1	8	0
0.0327239	1.33205	5.67167	13.528	29.4932	-0.429377	0.0877986	0.898848	71	0	6	1	9	0
0.138432	1.83389	6.96601	9.34145	23.5541	-0.501196	0.173227	0.847818	13	74	7	1	1	1
0.101831	0.853254	6.04687	9.65913	25.1089	-0.11909	0.194673	0.973612	73	75	7	1	2	0
0.0741295	0.640759	5.94526	9.82524	25.9397	-0.16697	0.587672	0.791683	74	76	7	1	3	0
0.0419568	0.727193	5.83827	10.2018	26.447	0.201916	0.976985	0.068772	75	0	7	1	4	0
0.0570818	0.996685	7.84674	9.26467	25.3843	0.352352	-0.499393	0.795687	14	78	8	1	1	0
0.0653709	0.669877	8.20462	8.78032	26.1771	0.342845	-0.38231	0.858077	77	79	8	1	2	0
0.0697376	0.730492	8.43429	8.52422	26.7519	0.374385	-0.456945	0.806869	78	80	8	1	3	0
0.0534823	0.558224	8.70777	8.19042	27.3414	0.313001	-0.398648	0.862039	79	81	8	1	4	0
0.0670903	0.644946	8.8825	7.96789	27.8226	0.384922	-0.153718	0.910058	80	82	8	1	5	0
0.0435385	0.998416	9.13075	7.86875	28.4095	-0.0204171	-0.674932	0.737597	81	83	8	1	6	0
0.0508996	0.728367	9.11036	7.19489	29.1459	-0.189731	-0.656179	0.730364	82	84	8	1	7	0
0.0444212	0.8736	8.97217	6.71695	29.6779	-0.174255	-0.40947	0.895528	83	85	8	1	8	0
0.0318321	1.07616	8.81994	6.35924	30.4602	0.33506	-0.426289	0.840245	84	0	8	1	9	0
0.0431172	0.741998	8.21962	9.38113	27.1197	0.129026	0.661306	0.738937	15	87	9	1	1	1
0.0500469	0.463929	8.31535	9.87182	27.668	0.417109	0.61367	0.670395	86	88	9	1	2	0
0.0526012	0.55924	8.50886	10.1565	27.979	0.00738909	0.722732	0.691089	87	89	9	1	3	0
0.0476516	0.323532	8.51299	10.5607	28.3655	-0.220273	0.832341	0.508613	88	90	9	1	4	0
0.0394637	0.394527	8.44173	10.83	28.53	-0.207171	0.734314	0.646423	89	91	9	1	5	0
0.0411871	0.299682	8.35999	11.1197	28.785	-0.355608	0.741741	0.56865	90	92	9	1	6	0
0.0507112	0.77945	8.25343	11.342	28.9555	-0.359252	0.361461	0.860397	91	93	9	1	7	0
0.0416559	0.812443	7.97341	11.6237	29.6261	-0.293365	0.268677	0.917469	92	94	9	1	8	0
0.0480919	0.751062	7.73506	11.842	30.3715	0.332397	0.920343	0.206109	93	95	9	1	9	0
0.0401618	1.1985	7.98471	12.5332	30.5263	0.0985021	0.790799	0.604098	94	0	9	1	10	0
0.0543148	1.40826	9.41909	8.73096	30.951	-0.421007	0.571776	-0.00798346	19	97	10	1	1	1
0.0575953	0.55635	8.58416	9.86489	30.9352	0.0694578	0.936062	0.34491	96	98	10	1	2	0
0.0565146	1.06478	8.6228	10.3857	31.1271	-0.709097	0.701318	0.0730371	97	99	10	1	3	0
0.049802	0.490193	7.86777	11.1324	31.2049	-0.382014	0.837064	0.39165	98	100	10	1	4	0
0.0436171	0.867898	7.68051	11.5427	31.3969	-0.306577	0.894814	0.324527	99	101	10	1	5	0
0.0371314	0.947406	7.41443	12.3194	31.6785	-0.625408	0.551309	0.552199	100	0	10	1	6	0
0.0540604	2.76635	8.47174	9.00953	27.9772	0.828711	0.129186	0.544564	16	0	11	1	1	0
0.0520262	0.649141	8.47968	8.76325	28.5697	-0.216973	-0.805504	1.29508	17	104	12	1	1	0
0.0622602	0.852917	8.3526	8.42988	29.1234	0.125667	-0.639467	0.758479	103	105	12	1	2	0
0.0347759	1.11828	8.45979	7.88447	29.7703	-0.443784	-0.827075	0.344968	104	0	12	1	3	0
0.045709	1.44448	8.92966	8.70548	29.0726	0.532137	0.505678	0.679058	18	107	13	1	1	0
0.0510784	0.319463	9.69833	9.43592	30.0535	0.0511461	0.83916	0.541475	106	108	13	1	2	0
0.0527906	0.722735	9.71467	9.704	30.2264	-0.367931	0.507101	0.779407	107	109	13	1	3	0
0.051404	0.796728	9.44875	10.0705	30.7897	0.145252	0.947864	0.283646	108	110	13	1	4	0
0.0402303	0.929915	9.56448	10.8257	31.0157	0.441133	0.880397	0.174079	109	0	13	1	5	0
0.0372284	1.30544	9.55799	8.75416	31.3129	0.951827	0.080934	0.295763	19	0	14	1	1	1
0.109948	2.53749	8.25402	9.41583	26.882	0.905042	0.312578	0.288435	15	113	15	1	1	0
0.0937936	0.945844	10.5506	10.209	27.6139	0.465542	0.694936	0.548028	112	114	15	1	2	0
0.051029	1.20784	10.9909	10.8663	28.1322	0.395739	0.683822	0.613007	113	0	15	1	3	0
0.0882326	0.60113	4.95426	9.40294	23.082	0.0629073	0.691148	1.51186	26	116	16	2	1	0
0.0877377	0.787044	5.02334	9.66253	23.6306	-0.174193	0.267946	0.947556	115	117	16	2	2	0
0.0884366	0.79519	4.88624	9.87341	24.3764	0.0191661	0.13312	0.990915	116	118	16	2	3	0
0.084484	0.814926	4.90148	9.97927	25.1643	-0.172272	-0.000377994	0.985049	117	119	16	2	4	0
0.0734846	0.715795	4.76109	9.97896	25.9671	-0.236629	0.253502	0.937946	118	120	16	2	5	0
0.0459594	0.793958	4.59172	10.1604	26.6385	0.104013	0.226152	0.968523	119	121	16	2	6	0
0.0398625	1.32267	4.6743	10.34	27.4074	-0.0881569	0.0711128	0.993565	120	0	16	2	7	0
0.0493131	0.247177	4.84164	8.86071	23.7447	-0.469935	-3.43767	2.08066	27	123	17	2	1	1
0.0475965	0.652842	4.81293	8.65069	23.8719	-0.273637	-0.816716	0.508033	122	124	17	2	2	0
0.0442795	0.335951	4.63429	8.1175	24.2035	-0.414357	-0.650275	0.63675	123	125	17	2	3	0
0.044023	0.256056	4.49508	7.89904	24.4174	-0.196578	-0.802853	0.562836	124	126	17	2	4	0
0.0443002	0.39709	4.44475	7.69346	24.5616	-0.315779	-0.944278	0.0928626	125	127	17	2	5	0
0.0429758	0.534679	4.31936	7.3185	24.5984	-0.525046	-0.644535	0.555789	126	128	17	2	6	0
0.0466612	0.59057	4.03863	6.97388	24.8956	0.68881	-0.501432	0.523553	127	129	17	2	7	0
0.0578832	0.62531	4.44542	6.67775	25.2048	0.706103	-0.421287	0.569154	128	130	17	2	8	0
0.054698	1.32085	4.88695	6.41432	25.5607	0.825714	0.502964	0.25539	129	131	17	2	9	0
0.0522752	1.08444	5.97759	7.07865	25.898	0.0047097	-0.467756	0.883845	130	132	17	2	10	0
0.0483898	0.582104	5.9827	6.5714	26.8565	-0.358754	-0.585841	0.726695	131	133	17	2	11	0
0.0351514	0.977405	5.77387	6.23038	27.2795	-0.0804062	-0.748316	0.658451	132	134	17	2	12	0
0.0330056	0.707798	5.69528	5.49897	27.9231	-0.372811	-0.707241	0.600684	133	135	17	2	13	0
0.0371949	0.972115	5.4314	4.99839	28.3482	-0.325619	-0.491783	0.807541	134	136	17	2	14	0
0.0365529	0.878146	5.11486	4.52032	29.1333	-0.272047	-0.341384	0.899693	135	137	17	2	15	0
0.0346937	0.736262	4.87597	4.22053	29.9233	-0.232209	-0.874734	0.425346	136	138	17	2	16	0
0.0340577	0.442652	4.705	3.5765	30.2365	-0.0511869	-0.986788	-0.153719	137	0	17	2	17	0
0.0195392	0.468313	4.81751	9.14431	25.1764	0.946033	0.206406	0.249838	29	0	18	2	1	1
0.045895	0.826493	4.75896	9.13149	25.1178	-0.26124	-0.514285	0.816862	29	141	19	2	1	1
0.0592923	0.758178	4.54304	8.70644	25.7929	-0.705503	-0.158829	0.69068	140	142	19	2	2	0
0.0614147	0.73339	4.00814	8.58602	26.3166	-0.522265	-0.598123	0.607855	141	143	19	2	3	0
0.0628045	1.00241	3.62512	8.14736	26.7624	-0.536945	0.81997	0.198344	142	144	19	2	4	0
0.0574523	0.861391	3.08688	8.96931	26.9612	-0.229478	0.470456	0.852063	143	145	19	2	5	0
0.0555889	0.83326	2.88921	9.37455	27.6952	-0.427642	0.877473	0.217171	144	146	19	2	6	0
0.0536305	0.881184	2.53287	10.1057	27.8761	0.260147	0.950811	0.168171	145	147	19	2	7	0
0.054316	1.05139	2.76211	10.9436	28.0243	-0.37556	0.832651	0.406998	146	148	19	2	8	0
0.0503412	0.695709	2.36725	11.819	28.4522	0.334311	0.0584535	0.940648	147	149	19	2	9	0
0.0417414	0.97683	2.59983	11.8597	29.1067	-0.406301	0.865695	0.29239	148	0	19	2	10	0
0.0563012	0.725337	4.52553	8.48349	27.763	-0.37577	-0.713515	1.11822	34	151	20	2	1	0
0.062691	0.847029	4.33354	8.09454	28.3645	-0.510629	0.140192	0.848295	150	152	20	2	2	0
0.0671542	0.80765	3.90102	8.21329	29.083	-0.443906	-0.646673	0.620292	151	153	20	2	3	0
0.0857937	0.843146	3.5425	7.691	29.584	-0.319175	0.647311	0.692182	152	154	20	2	4	0
0.0625316	1.37065	3.27339	8.23678	30.1676	-0.521746	0.61814	0.587949	153	155	20	2	5	0
0.0615667	1.37397	2.55826	9.08403	30.9735	0.142667	0.984339	0.103554	154	156	20	2	6	0
0.0639236	1.11224	2.75428	10.4365	31.1158	0.0700164	0.996747	-0.0399187	155	157	20	2	7	0
0.0585072	1.00944	2.83216	11.5451	31.0714	-0.256483	0.962185	-0.0917449	156	158	20	2	8	0
0.0430755	0.959948	2.57325	12.5164	30.9788	0.765667	0.643064	0.0149397	157	159	20	2	9	0
0.0362952	0.968066	3.30825	13.1337	30.9931	0.862803	-0.456597	0.217005	158	160	20	2	10	0
0.0315627	1.16023	4.1435	12.6917	31.2032	0.0161925	0.473037	0.880894	159	0	20	2	11	0
0.0237148	0.876139	4.53648	8.66692	27.4637	-0.32351	-0.147379	0.934677	33	0	21	2	1	1
0.0440552	0.489785	5.04609	7.07997	29.7278	1.91971	-0.344637	0.603774	37	163	22	2	1	1
0.0210103	0.903666	5.50372	7.00108	29.8228	-0.195514	0.976697	0.0885235	162	0	22	2	2	0
0.045379	1.51156	4.53321	8.48866	27.7644	-0.0789097	-0.821776	0.564321	34	165	23	2	1	0
0.058353	0.832444	4.41393	7.24649	28.6174	-0.00014034	-0.366906	0.930258	164	166	23	2	2	0
0.085301	0.808903	4.41381	6.94106	29.3918	-0.0479246	0.800269	0.597722	165	167	23	2	3	0
0.0599484	1.03982	4.37505	7.5884	29.8752	0.393622	0.207274	0.8956	166	168	23	2	4	0
0.0595684	0.851681	4.78434	7.80393	30.8065	-0.105663	-0.216791	0.970483	167	169	23	2	5	0
0.0554136	0.874174	4.69435	7.61929	31.6331	0.171759	0.895203	-0.411231	168	170	23	2	6	0
0.0561789	0.845986	4.8445	8.40186	31.2736	-0.452199	0.355647	0.817943	169	171	23	2	7	0
0.044045	1.41364	4.46195	8.70273	31.9655	0.302891	0.664788	0.682872	170	172	23	2	8	0
0.0342154	1.38023	4.89012	9.6425	32.9309	-0.705768	0.509697	0.492037	171	0	23	2	9	0
0.0660002	0.767349	7.2169	8.41706	22.0015	0.749658	-0.805281	0.69845	40	174	24	2	1	0
0.065133	0.693763	7.70944	7.93851	22.3786	0.282457	-0.650792	0.704761	173	175	24	2	2	0
0.0488161	0.321722	7.9054	7.48701	22.8676	0.43143	-0.391145	0.812941	174	176	24	2	3	0
0.0606385	0.662743	8.0442	7.36117	23.1291	0.413861	-0.362696	0.834968	175	177	24	2	4	0
0.0562689	0.604897	8.31848	7.1208	23.6825	0.432216	-0.316234	0.844503	176	178	24	2	5	0
0.0525793	0.71699	8.57993	6.92951	24.1933	0.525736	-0.0467414	0.849362	177	179	24	2	6	0
0.0486743	0.466712	8.95687	6.896	24.8023	0.358216	-0.0842785	0.929827	178	180	24	2	7	0
0.0479628	0.658039	9.12406	6.85666	25.2363	0.694768	-0.37235	0.615347	179	181	24	2	8	0
0.0468018	0.501001	9.58124	6.61164	25.6412	0.604007	-0.365965	0.707986	180	182	24	2	9	0
0.0585672	0.590533	9.88385	6.42829	25.9959	0.646729	-0.149087	0.748007	181	183	24	2	10	0
0.0540843	0.612525	10.2658	6.34025	26.4376	0.662627	-0.413118	0.624706	182	184	24	2	11	0
0.0439304	1.01489	10.6716	6.08721	26.8203	0.379377	-0.0902669	0.920828	183	185	24	2	12	0
0.061324	0.803755	11.0567	5.99559	27.7548	0.184546	0.010162	0.982771	184	186	24	2	13	0
0.0588336	0.675138	11.205	6.00376	28.5447	-0.522115	0.471447	0.710727	185	187	24	2	14	0
0.0560318	0.977485	10.8525	6.32205	29.0246	-0.298748	-0.379317	0.87571	186	188	24	2	15	0
0.0521445	0.968383	10.5605	5.95128	29.8805	-0.989652	-0.0810164	0.118427	187	189	24	2	16	0
0.0525759	0.696083	9.60212	5.87282	29.9952	-0.315853	-0.560752	0.765372	188	190	24	2	17	0
0.0476645	0.744468	9.38226	5.48249	30.528	0.699485	0.167244	0.694802	189	191	24	2	18	0
0.0423658	0.749557	9.903	5.607	31.0452	0.962391	-0.124429	0.241498	190	192	24	2	19	0
0.0395985	0.79484	10.6244	5.51373	31.2263	0.71474	0.698737	-0.0302334	191	193	24	2	20	0
0.0354616	1.037	11.1925	6.06912	31.2022	0.672802	0.465139	0.575311	192	0	24	2	21	0
0.0331561	1.38286	6.79795	7.4609	24.1942	-0.386193	-0.288319	0.8762	43	0	25	2	1	1
0.0425318	0.608868	6.76432	7.14361	24.5724	1.03129	-0.982924	0.817162	45	196	26	2	1	0
0.0418503	0.530936	7.13968	6.76531	24.8656	0.122981	-0.677144	0.725501	195	197	26	2	2	0
0.0423189	0.294131	7.20498	6.40579	25.2508	-0.0774029	-0.748554	0.65854	196	198	26	2	3	0
0.0359088	0.306114	7.18221	6.18561	25.4445	0.205075	-0.791464	0.575785	197	199	26	2	4	0
0.0448616	0.516971	7.24499	5.94334	25.6208	0.131495	-0.702749	0.69918	198	200	26	2	5	0
0.0439724	0.687631	7.31297	5.58003	25.9822	0.281941	-0.506764	0.814678	199	201	26	2	6	0
0.039413	0.755612	7.50684	5.23157	26.5424	0.627919	-0.158903	0.761885	200	202	26	2	7	0
0.0347179	0.423485	7.9813	5.1115	27.1181	0.559844	-0.169366	0.811104	201	203	26	2	8	0
0.0288793	0.910353	8.21839	5.03977	27.4616	0.266677	-0.0395704	0.962973	202	0	26	2	9	0
0.0297529	0.589659	6.68234	6.81482	24.8897	-0.813192	-1.30589	0.713735	45	205	27	2	1	0
0.0298219	0.278788	6.40676	6.35718	25.1387	-0.494293	-0.777403	0.388998	204	206	27	2	2	0
0.0298849	0.258485	6.26895	6.14045	25.2471	-0.500141	-0.81395	0.295542	205	207	27	2	3	0
0.0328396	0.267543	6.13968	5.93005	25.3235	-0.513984	-0.808433	0.286805	206	208	27	2	4	0
0.0398284	0.885254	6.00216	5.71376	25.4002	-0.584242	-0.722738	0.369202	207	209	27	2	5	0
0.0388739	1.27849	5.48496	5.07396	25.7271	-0.969149	0.244021	0.0346875	208	210	27	2	6	0
0.0441634	0.790752	4.24591	5.38594	25.7714	-0.88032	0.473691	-0.0255824	209	211	27	2	7	0
0.0370262	1.14945	3.54979	5.76051	25.7512	-0.635365	0.706382	0.311987	210	0	27	2	8	0
0.0588232	0.8564	6.44094	5.18678	26.9036	-0.876995	-0.359518	0.318788	49	213	28	2	1	0
0.0417377	0.620262	5.68989	4.87889	27.1766	-0.911142	-0.376909	-0.166613	212	214	28	2	2	0
0.0460852	0.711272	5.12474	4.64511	27.0733	-0.915538	0.111205	0.386553	213	215	28	2	3	0
0.0463745	0.951635	4.47354	4.72421	27.3482	-0.792113	-0.548202	0.268388	214	216	28	2	4	0
0.037063	0.583533	3.71974	4.20252	27.6037	-0.817564	-0.384647	0.428528	215	0	28	2	5	0
0.0184147	0.939619	6.45283	5.10898	26.9427	-0.226058	-0.952712	0.20307	49	0	29	2	1	0
0.0442199	0.460415	7.02447	4.37881	27.3706	-1.74893	1.1011	0.667969	51	219	30	2	1	1
0.0465994	0.655778	6.65372	4.61223	27.5122	0.294548	-0.484905	0.823474	218	220	30	2	2	0
0.0354027	0.475109	6.84688	4.29424	28.0522	0.306625	-0.364311	0.879351	219	221	30	2	3	0
0.0348967	0.91378	6.99256	4.12115	28.47	0.141849	-0.0885821	0.985917	220	222	30	2	4	0
0.0442199	0.508177	7.12218	4.0402	29.3709	0.114805	0.964011	0.239795	221	223	30	2	5	0
0.0423932	0.986344	7.18052	4.53009	29.4927	0.246295	0.938376	0.242464	222	224	30	2	6	0
0.0366528	0.585557	7.42345	5.45565	29.7319	-0.00526953	0.43701	0.899441	223	225	30	2	7	0
0.0305431	0.88354	7.42037	5.71155	30.2586	-0.162974	0.806361	0.568525	224	0	30	2	8	0
0.02177	0.51426	6.88808	4.46904	27.0336	0.517352	0.502547	-0.692671	51	0	31	2	1	1
0.0462932	0.24561	7.47991	4.36514	28.0833	1.93081	1.71183	3.1494	52	228	32	2	1	1
0.0154224	1.14045	7.59638	4.4684	28.2733	0.4906	-0.128621	0.86184	227	0	32	2	2	0
0.0369122	0.696066	8.02192	4.10902	28.621	0.624687	-0.0606595	0.778515	53	0	33	2	1	1
0.0406093	0.653466	8.40427	3.32931	29.1854	0.947077	-0.145424	-0.286177	55	0	34	2	1	1
0.0399543	0.824886	8.11078	3.73123	28.8588	0.536411	-1.0364	-0.328296	54	232	35	2	1	1
0.0409568	0.984095	8.47577	3.02602	28.6354	0.270489	-0.830853	0.486333	231	233	35	2	2	0
0.0395958	1.02058	8.74196	2.20838	29.114	0.245403	0.296713	0.922897	232	234	35	2	3	0
0.0362858	0.644959	8.99242	2.5112	30.0559	-0.88778	0.0397404	0.458549	233	0	35	2	4	0
0.0264762	0.517365	8.59851	3.21619	29.4753	1.5699	0.00629991	-1.12754	55	236	36	2	1	1
0.0270182	0.837272	8.99381	3.25197	29.1606	0.85592	0.513365	0.0621065	235	237	36	2	2	0
0.0400236	0.674848	9.71044	3.68179	29.2126	0.676861	0.160506	-0.718399	236	238	36	2	3	0
0.0248714	0.825545	10.1672	3.79011	28.7278	0.88339	-0.463162	0.0714357	237	239	36	2	4	0
0.0192957	0.736756	10.8965	3.40775	28.7868	-0.576718	0.0345432	0.816213	238	0	36	2	5	0
0.0616907	0.342068	6.80378	4.62536	26.9946	0.690813	-2.617	-1.10468	50	241	37	2	1	1
0.0590938	0.759526	6.83922	4.31786	26.8647	-0.254211	-0.878091	0.405381	240	242	37	2	2	0
0.0699611	0.518075	6.64614	3.65093	27.1726	-0.408681	-0.694012	0.592728	241	243	37	2	3	0
0.0643216	0.708329	6.43442	3.29138	27.4796	-0.273835	-0.877104	0.394592	242	244	37	2	4	0
0.0650994	0.750128	6.24045	2.6701	27.7591	0.868771	-0.495176	0.00621435	243	245	37	2	5	0
0.0558858	0.915421	6.89214	2.29865	27.7638	0.653579	-0.735259	0.179521	244	246	37	2	6	0
0.04968	1.09711	7.49044	1.62558	27.9281	0.413724	-0.787937	0.456058	245	247	37	2	7	0
0.0349002	0.813563	7.94434	0.761126	28.4285	0.0365613	-0.711411	-0.701825	246	0	37	2	8	0
0.0623732	1.00787	10.7708	9.4388	26.2195	-0.53579	-0.843824	-0.0298222	63	249	38	2	1	1
0.0599091	0.816777	10.2308	8.58833	26.1894	0.361116	-0.906346	-0.219389	248	250	38	2	2	0
0.0439074	1.20023	10.5257	7.84805	26.0102	-0.828808	-0.552739	-0.0869364	249	0	38	2	3	0
0.0565676	0.251213	9.56687	9.30057	24.9152	2.40494	-2.7243	1.62492	61	252	39	2	1	1
0.0593392	0.883435	9.75903	9.10259	24.948	0.774692	0.00253468	0.632334	251	253	39	2	2	0
0.041552	0.814191	10.4434	9.10483	25.5067	0.286615	0.842867	-0.455442	252	0	39	2	3	0
0.0159026	0.73764	10.1658	9.76671	25.5362	-0.232152	0.965247	0.120015	62	0	40	2	1	1
0.0626454	1.39438	10.6873	9.55204	26.1304	0.00128673	0.871731	-0.489984	63	256	41	2	1	1
0.0531476	0.670561	10.6891	10.7676	25.4472	0.998991	-0.0375818	0.0246013	255	257	41	2	2	0
0.0451621	0.550982	11.359	10.7424	25.4637	0.228416	-0.911467	0.342133	256	0	41	2	3	0
0.0569132	0.36962	10.5309	9.93747	25.8349	1.49703	2.05161	0.93244	63	259	42	2	1	1
0.0231135	0.723023	10.7084	10.2054	25.9921	-0.015046	0.974996	0.221714	258	0	42	2	2	0
0.0564952	0.92975	9.34737	9.30076	24.7732	0.735151	0.709022	-0.337142	60	261	43	2	1	0
0.0587425	1.531	9.98286	9.91366	24.4818	0.943188	0.0126363	0.332018	260	262	43	2	2	0
0.038893	1.35525	11.4269	9.93301	24.9901	0.845095	-0.468482	0.257564	261	0	43	2	3	0
0.0871537	0.682971	6.39089	10.3707	27.56	-0.647667	-0.0447457	-1.3124	67	264	44	2	1	1
0.0919832	0.910831	6.08879	10.3499	26.9478	-0.407175	0.244772	0.87994	263	265	44	2	2	0
0.0771611	0.648253	5.71792	10.5728	27.7493	-0.65724	0.578568	0.483007	264	266	44	2	3	0
0.0588962	0.801644	5.29187	10.9479	28.0624	-0.247604	0.833301	0.494269	265	0	44	2	4	0
0.0441272	0.893216	7.28841	9.95369	25.6112	0.561783	0.86159	0.442104	66	268	45	2	1	0
0.0403853	0.388357	7.73884	10.6415	25.9595	0.299214	0.91297	0.277412	267	269	45	2	2	0
0.0402108	0.339037	7.85504	10.996	26.0672	0.435142	0.848223	0.301942	268	270	45	2	3	0
0.0394007	0.398586	8.00257	11.2836	26.1696	0.585612	0.696001	0.415502	269	271	45	2	4	0
0.049663	0.547079	8.23599	11.561	26.3352	0.0219191	0.99558	0.0913269	270	272	45	2	5	0
0.0399361	0.578149	8.24798	12.1057	26.3852	-0.667431	0.597222	0.444816	271	273	45	2	6	0
0.0390648	0.174972	7.8621	12.451	26.6423	-0.658267	0.414151	0.62862	272	274	45	2	7	0
0.045062	0.957647	7.74693	12.5234	26.7523	-0.434619	0.856667	-0.277898	273	275	45	2	8	0
0.0498398	0.845943	7.33071	13.3438	26.4862	0.873881	0.331918	0.355194	274	276	45	2	9	0
0.0440769	0.961742	8.06997	13.6246	26.7867	0.905394	0.345845	0.246279	275	277	45	2	10	0
0.0490597	0.508292	8.94072	13.9572	27.0235	0.247479	0.920011	0.303864	276	278	45	2	11	0
0.0435498	1.06898	9.06651	14.4249	27.178	-0.113209	0.901933	-0.416775	277	0	45	2	12	0
0.0809568	1.05033	6.69113	10.0237	26.815	0.698921	0.0477129	0.713606	66	280	46	2	1	1
0.0551807	0.421838	7.42523	10.0738	27.5646	0.284755	0.56805	0.772162	279	281	46	2	2	0
0.0620222	0.748445	7.54535	10.3134	27.8903	-0.665593	0.585738	0.46249	280	0	46	2	3	0
0.0482767	0.74225	6.36384	11.0555	28.3202	0.485915	0.439103	1.17736	69	283	47	2	1	0
0.0371718	0.665848	6.59483	11.2991	28.9842	-0.115069	-0.419151	0.900595	282	284	47	2	2	0
0.0341574	0.275081	6.51821	11.0201	29.5839	-0.227828	-0.40205	0.88682	283	0	47	2	3	0
0.0198832	0.675388	5.2365	13.6199	30.4797	0.0605432	-0.736995	-0.673181	72	286	48	2	1	1
0.00557372	0.950599	5.27739	13.1222	30.0251	0.0149833	-0.465418	-0.884964	285	0	48	2	2	0
0.0604599	0.278328	5.86062	12.7499	29.2573	1.67686	-1.58845	2.75205	71	288	49	2	1	1
0.0216303	1.28613	6.00302	12.6441	29.4766	0.689432	-0.723619	0.032553	287	0	49	2	2	0
0.0621092	0.837936	6.12774	9.61297	24.7036	-0.62107	0.627432	-0.469682	73	0	50	2	1	0
0.0650733	0.700163	5.82016	9.99537	26.2068	-0.156802	-0.298801	0.941345	75	0	52	2	1	0
0.0670181	0.811504	5.87639	10.031	26.1004	-0.815018	0.458375	0.354455	75	292	53	2	1	1
0.0164767	0.962106	5.215	10.403	26.388	-0.288399	0.223005	0.931179	291	0	53	2	2	0
0.062678	0.90936	5.82785	10.1775	26.3021	0.0489652	0.895723	-0.441908	75	0	54	2	1	0
0.0882005	0.551192	6.0611	9.79103	25.2867	-0.527674	0.848555	0.0389277	74	295	55	2	1	0
0.0239131	1.02952	5.77025	10.2587	25.3081	-0.194341	0.485626	-0.852291	294	0	55	2	2	0
0.0578643	1.14957	8.17418	8.88123	26.0923	0.951552	-0.00242177	0.307478	77	297	56	2	1	1
0.0544652	0.927856	9.26806	8.87845	26.4458	0.899323	-0.307435	0.310971	296	298	56	2	2	0
0.0436348	1.18689	10.1025	8.59319	26.7343	0.607584	-0.767711	0.203623	297	0	56	2	3	0
0.0419552	0.21272	9.1401	7.65698	28.5803	2.9936	-2.64024	-2.48335	82	300	57	2	1	1
0.0516268	0.85449	9.18696	7.55696	28.4852	0.271988	-0.892296	0.36032	299	301	57	2	2	0
0.030652	1.29928	9.41938	6.7945	28.7931	0.129946	-0.931281	0.340337	300	0	57	2	3	0
0.0218139	1.20472	9.04886	6.10155	31.038	0.589745	0.806449	0.0429208	85	303	58	2	1	1
0.00745652	1.8266	9.75933	7.07309	31.0897	0.587727	0.774823	0.232866	302	0	58	2	2	0
0.0321443	0.5898	9.14766	7.83892	28.5004	0.414878	-0.0314059	0.909335	82	0	59	2	1	0
0.0499594	0.174501	9.13637	7.14264	29.1449	3.39981	-2.60932	-3.8043	83	306	60	2	1	1
0.0194195	1.06607	9.23989	7.06319	29.029	0.17352	0.17197	0.9697	305	0	60	2	2	0
0.0580497	0.401201	8.81484	6.45971	30.2651	-0.251445	0.869808	0.42451	84	0	61	2	1	1
0.038637	0.726506	8.81261	6.3696	30.35	0.866015	-0.0335677	-0.498891	84	0	62	2	1	1
0.0256235	0.720464	8.8972	6.29719	30.6515	0.866596	-0.488126	0.103657	85	0	63	2	1	1
0.0437411	0.470307	8.68737	5.98029	31.1861	-0.721022	0.532145	-0.443789	84	0	64	2	1	0
0.0324894	0.673347	8.99883	7.86553	28.0406	-0.570687	-1.35655	0.199173	81	312	65	2	1	0
0.0289591	1.02961	8.75747	7.25284	28.1591	-0.397856	-0.66623	0.630752	311	313	65	2	2	0
0.0263995	0.674098	8.34783	6.56687	28.8085	-0.552042	-0.248141	0.796037	312	0	65	2	3	0
0.0524426	0.973482	7.94129	11.7004	29.743	-0.313002	0.756828	-0.573795	93	315	66	2	1	0
0.0482369	0.751978	7.63659	12.4372	29.1844	-0.315303	0.817062	0.482695	314	316	66	2	2	0
0.0481915	0.977799	7.39949	13.0516	29.5474	0.990199	0.0362149	0.134888	315	317	66	2	3	0
0.046819	1.07235	8.3677	13.087	29.6793	0.884779	0.357144	-0.299357	316	318	66	2	4	0
0.0459472	0.650417	9.3165	13.47	29.3582	0.945219	-0.28663	0.15622	317	319	66	2	5	0
0.0382726	0.674837	9.93129	13.2836	29.4599	0.602527	-0.0190456	-0.797871	318	320	66	2	6	0
0.0402179	0.743864	10.3379	13.2707	28.9214	0.807425	0.510779	-0.295245	319	0	66	2	7	0
0.0390457	0.794841	8.34644	9.92219	27.7847	0.788749	-0.128771	0.971669	86	322	67	2	1	0
0.0269612	1.06903	8.85059	9.83785	28.3931	0.737016	0.43959	0.513389	321	323	67	2	2	0
0.0227754	1.03076	9.63848	10.3078	28.9419	0.468829	0.528145	0.707998	322	0	67	2	3	0
0.0468219	0.823353	8.56169	10.2463	28.0771	0.704952	0.627031	0.76485	88	325	68	2	1	1
0.0467105	0.601302	9.03959	10.6714	28.5956	0.365948	0.497316	0.786613	324	326	68	2	2	0
0.0426679	0.708233	9.25963	10.9704	29.0686	0.068308	0.637242	0.76763	325	327	68	2	3	0
0.0357283	0.408041	9.30801	11.4217	29.6123	0.461535	0.591299	0.661326	326	328	68	2	4	0
0.0262124	0.805268	9.49633	11.663	29.8821	0.362475	0.197587	0.910808	327	0	68	2	5	0
0.0394797	0.50382	8.01298	12.574	30.6009	1.69752	-0.584194	0.846604	95	330	69	2	1	1
0.0165399	1.4512	8.40342	12.427	30.7695	0.43234	0.746516	-0.505763	329	0	69	2	2	0
0.0339093	0.910376	7.85565	11.7329	30.1011	0.81982	-0.457016	0.34501	93	0	70	2	1	0
0.0348713	0.881625	8.01528	12.4931	30.523	0.459574	-0.873466	0.160774	95	333	71	2	1	1
0.0117289	0.935227	8.42045	11.7231	30.6648	0.969518	-0.194218	0.149381	332	0	71	2	2	0
0.0407885	1.29374	8.25492	9.83752	27.6649	-0.117991	-0.184688	0.975689	87	335	72	2	1	0
0.0412191	0.493154	8.10227	9.59858	28.9272	-0.0379958	-0.0788266	0.996164	334	336	72	2	2	0
0.0415896	0.906291	8.08354	9.55971	29.4185	0.0950358	-0.489586	0.866761	335	337	72	2	3	0
0.0458056	0.592392	8.16967	9.116	30.204	-0.374956	-0.652056	0.658962	336	338	72	2	4	0
0.0404124	0.699688	7.94755	8.72973	30.5944	-0.149925	-0.215883	0.964841	337	339	72	2	5	0
0.0348275	1.03206	7.84265	8.57868	31.2695	-0.930803	-0.169985	0.323589	338	340	72	2	6	0
0.0292886	0.783771	6.882	8.40324	31.6034	-0.748762	-0.585405	0.310896	339	341	72	2	7	0
0.0246761	0.945851	6.29514	7.94442	31.8471	-0.464634	-0.686597	0.559195	340	0	72	2	8	0
0.051599	2.38611	8.67039	10.263	31.1359	0.0887465	-0.406694	0.0485955	98	343	73	2	1	1
0.0539406	1.21421	9.16699	7.95759	31.4044	0.76992	-0.0188294	-0.637863	342	344	73	2	2	0
0.0388871	1.12665	10.1018	7.93473	30.6299	0.713968	0.565943	0.41226	343	0	73	2	3	0
0.0475643	1.36742	8.58018	10.1886	31	-0.845537	-0.193809	-0.4975	97	346	74	2	1	1
0.0210478	0.497602	7.42398	9.92354	30.3198	-0.104051	0.193451	0.975577	345	0	74	2	2	0
0.051599	0.585955	8.84272	9.53071	30.9933	0.390612	-0.0754923	1.6596	96	348	75	2	1	1
0.0519203	1.07708	8.97493	9.4962	31.5688	-0.990876	0.13217	0.0263822	347	349	75	2	2	0
0.0557177	1.03819	7.90768	9.63856	31.5972	-0.382088	-0.852337	0.357113	348	350	75	2	3	0
0.0369672	1.59716	7.511	8.75367	31.968	-0.524415	0.554394	0.646248	349	0	75	2	4	0
0.051599	0.594738	9.41322	8.77576	30.9009	1.04479	-0.731334	-1.09578	96	352	76	2	1	1
0.0216313	0.911134	9.61532	8.40238	30.4938	0.0490397	-0.546849	-0.835794	351	0	76	2	2	0
0.04237	1.11361	8.89608	9.45463	30.8873	-0.270527	0.160944	-0.949164	96	0	77	2	1	1
0.0417301	0.88522	7.89279	11.1677	31.1682	-0.188196	-0.238095	-0.952834	98	0	78	2	1	1
0.051599	0.901524	8.00873	11.0715	31.2032	0.937891	0.5918	-0.0230564	98	356	79	2	1	0
0.0536465	1.09512	8.771	11.5525	31.1845	0.373438	0.732502	0.569197	355	357	79	2	2	0
0.0363963	1.32314	9.17996	12.3547	31.8078	0.296881	0.450786	-0.841816	356	0	79	2	3	0
0.0463128	1.3758	8.56109	10.3877	31.1684	-0.933322	0.266601	0.240488	98	0	80	2	1	1
0.0339497	1.25087	7.44171	12.1126	31.6235	0.132636	-0.975913	0.173211	100	0	81	2	1	1
0.0430062	0.650021	7.66634	11.6051	31.4642	-0.352311	-0.116855	0.928559	100	0	82	2	1	1
0.047673	0.903451	7.51616	11.9006	31.5117	-0.960662	-0.0206637	-0.276951	100	362	83	2	1	1
0.0477467	1.30127	6.64825	11.882	31.2615	-0.960023	0.0113428	0.27969	361	363	83	2	2	0
0.0336333	1.69876	5.399	11.8967	31.6254	-0.365785	0.889875	0.272625	362	0	83	2	3	0
0.0218797	1.01306	7.36247	12.3791	31.6877	-0.244665	-0.313792	0.917428	101	0	84	2	1	1
0.0249052	0.720403	7.2067	12.5173	31.8259	-0.631795	0.327621	-0.702495	101	0	85	2	1	1
0.0551831	1.31347	8.67335	9.70381	30.9861	-0.174635	-0.843754	0.507525	96	367	86	2	1	1
0.0570784	0.837111	8.44397	8.59557	31.6528	0.0490137	-0.990393	0.1293	366	368	86	2	2	0
0.0530639	0.628595	8.485	7.7665	31.761	-0.450051	-0.32517	-0.831696	367	369	86	2	3	0
0.0468083	1.05036	8.2021	7.5621	31.2382	0.399068	-0.909844	0.113708	368	370	86	2	4	0
0.039445	0.833409	8.62127	6.60643	31.3576	0.251732	-0.965832	0.0616346	369	371	86	2	5	0
0.0323953	0.644451	8.83106	5.8015	31.409	0.446795	-0.162154	-0.879818	370	0	86	2	6	0
0.047815	0.475188	9.74496	9.41767	30.0809	0.565818	-0.394112	0.724241	106	0	87	2	1	1
0.0280418	0.600637	9.73001	11.2418	31.0825	-0.351081	0.823547	-0.445548	110	0	88	2	1	1
0.0312394	0.562712	9.90498	11.5912	31.1519	-0.999956	1.33391	-0.615541	110	375	89	2	1	1
0.0178265	0.523913	9.56787	11.9659	30.9568	-0.112632	0.707323	0.69786	374	0	89	2	2	0
0.0414275	2.73467	9.44971	10.1312	30.7546	0.469467	0.835729	0.284881	109	0	90	2	1	1
0.0493507	1.8524	9.43519	10.1637	30.8617	0.721279	0.681965	0.12116	109	0	91	2	1	1
0.0443135	1.09564	9.4688	10.3936	30.9293	0.778759	0.598029	-0.189462	109	379	92	2	1	0
0.0390278	1.13228	10.322	11.0488	30.7217	0.693606	0.614575	-0.375777	378	380	92	2	2	0
0.0375108	0.769683	11.1074	11.7447	30.2962	-0.800235	0.596635	-0.0604135	379	0	92	2	3	0
0.0257995	0.563246	10.1109	8.78579	31.4488	1.0717	-0.351302	-1.37119	111	382	93	2	1	1
0.0116032	0.955056	10.4986	8.70731	31.0888	0.842854	0.537536	-0.0255501	381	0	93	2	2	0
0.0941783	0.933	10.199	10.1967	27.4729	0.191021	-0.218129	-1.03185	112	384	94	2	1	1
0.118778	0.648433	10.1271	9.95949	26.6849	-0.762501	-0.466787	-0.447998	383	385	94	2	2	0
0.0630692	0.875006	9.63267	9.65681	26.3944	-0.0741934	0.99515	-0.0645958	384	0	94	2	3	0
0.0743984	1.1403	10.858	10.5002	27.8956	-0.191409	-0.483437	-0.706199	113	387	95	2	1	1
0.0768516	1.04182	10.5417	9.90823	26.9887	0.670227	0.723002	0.167523	386	388	95	2	2	0
0.066305	0.797029	11.2399	10.6615	27.1632	0.988183	-0.152173	-0.0184003	387	389	95	2	3	0
0.0553453	0.533184	12.0275	10.5402	27.1485	0.364565	0.929891	-0.0489395	388	0	95	2	4	0
0.0867971	1.21324	9.80624	10.0672	27.3727	0.95015	-0.303206	-0.0726725	112	391	96	2	1	1
0.0240362	0.913169	10.959	9.69935	27.2846	-0.482535	-0.845098	0.230151	390	0	96	2	2	0
0.0588262	1.28214	11.0546	10.8352	28.2129	0.449352	-0.148873	0.880863	113	393	97	2	1	0
0.0651645	1.29087	11.6307	10.6444	29.3423	0.529181	0.6783	0.509782	392	394	97	2	2	0
0.0570099	0.859545	12.3138	11.52	30.0003	0.822327	-0.206858	0.530083	393	0	97	2	3	0
0.0492319	0.22516	11.3554	11.3957	28.6401	2.24129	-1.15927	3.65482	114	396	98	2	1	1
0.049769	0.810876	11.4593	11.4048	28.8401	0.098768	-0.302253	0.948097	395	397	98	2	2	0
0.0581812	0.736997	11.5394	11.1597	29.6089	0.102006	0.989148	-0.105738	396	398	98	2	3	0
0.0530398	0.685658	11.6146	11.8887	29.5309	0.835351	0.544776	-0.0735307	397	399	98	2	4	0
0.050268	1.21483	12.1874	12.2622	29.4805	-0.471872	0.151092	-0.868624	398	400	98	2	5	0
0.0479412	0.699411	11.6141	12.4458	28.4253	-0.678845	0.239379	-0.694167	399	401	98	2	6	0
0.0250623	0.860556	11.1393	12.6132	27.9398	-0.854093	-0.132631	-0.502926	400	402	98	2	7	0
0.0305771	0.36113	10.4043	12.4991	27.507	-0.708819	0.697083	-0.107941	401	0	98	2	8	0
0.0776177	1.47867	10.6521	10.1922	27.6474	-0.583457	-0.713405	0.388113	113	404	99	2	1	0
0.0230416	1.09007	9.78933	9.13733	28.2213	-0.0385066	-0.883599	0.466658	403	0	99	2	2	0
0.0414547	0.720253	4.94341	9.98856	25.412	0.334143	-0.0248724	0.942194	118	406	100	3	1	1
0.0129656	0.778348	5.18408	9.97065	26.0906	-0.214543	-0.480714	0.850226	405	0	100	3	2	0
0.0318401	0.639918	4.50361	7.88318	24.4778	-0.181178	0.477201	0.859915	125	0	101	3	1	1
0.0443029	1.08335	4.55447	8.02923	24.3517	-0.155176	0.26936	0.950455	124	0	102	3	1	1
0.0310987	0.701464	5.20529	4.65116	28.8527	-0.951251	-0.3062	0.0369114	135	0	103	3	1	1
0.0310009	0.573669	4.83716	4.12192	29.9369	-0.240544	-1.55005	-0.760328	137	411	104	3	1	1
0.0393797	0.514893	4.72628	3.59128	29.7196	-0.88011	0.0526084	-0.471846	410	412	104	3	2	0
0.026335	0.780232	4.27311	3.61836	29.4767	0.31058	0.411178	-0.857014	411	0	104	3	3	0
0.0240119	1.04718	4.77224	3.93988	30.0411	-0.945387	-0.109173	0.307122	137	0	105	3	1	1
0.0198286	0.746408	4.73636	3.52452	30.2268	0.0658987	0.917864	0.391386	138	0	106	3	1	1
0.0618122	0.476263	3.87512	8.44602	26.3876	-0.895315	0.411166	-0.171329	142	416	107	3	1	1
0.057506	0.689473	3.44872	8.64184	26.306	-0.916234	-0.336431	-0.217554	415	417	107	3	2	0
0.0441493	1.27748	2.817	8.40988	26.156	-0.731355	0.485145	0.479327	416	0	107	3	3	0
0.0517035	0.270248	2.83126	9.61645	27.7352	3.24903	1.05655	-1.42117	145	419	108	3	1	1
0.0168163	1.09393	3.08176	9.65966	27.6342	0.899901	0.426962	-0.0887749	418	0	108	3	2	0
0.0339085	0.766653	2.62302	11.148	28.0961	0.8678	0.120267	0.482139	147	0	109	3	1	1
0.0483317	0.813341	2.72621	10.6255	27.9918	0.803653	-0.0314739	0.594265	146	0	110	3	1	0
0.0490124	0.829251	2.36468	11.7834	28.5359	-0.943149	-0.279235	-0.180271	148	0	111	3	1	1
0.0410436	0.578393	2.46324	11.8034	28.8215	0.227067	-0.475085	-0.850138	148	0	112	3	1	0
0.0303593	0.840181	2.24859	12.6806	29.3501	0.852238	-0.390472	-0.348169	149	425	113	3	1	1
0.00999355	0.925623	2.96462	12.3525	29.0575	0.752894	-0.145061	-0.641956	424	0	113	3	2	0
0.0605851	1.41314	3.23394	8.84603	26.9541	-0.0455791	-0.94061	0.336416	143	427	114	3	1	1
0.0454507	0.836222	3.16953	7.51681	27.4295	-0.615258	0.0794476	0.784312	426	428	114	3	2	0
0.0442143	0.714421	2.65504	7.58325	28.0853	-0.864743	-0.144091	0.481101	427	0	114	3	3	0
0.0254715	0.859678	3.95411	8.1388	29.0154	-0.0134441	-0.995744	0.0911751	151	0	115	3	1	1
0.0550652	0.797916	3.75218	8.03787	29.3442	-0.99532	0.0929015	-0.0266099	152	431	116	3	1	0
0.0156937	0.87836	2.958	8.112	29.323	-0.210435	0.833374	-0.511083	430	0	116	3	2	0
0.04359	1.0909	3.52578	7.68712	29.7044	0.304538	-0.773522	0.555807	153	0	117	3	1	1
0.0571901	1.00874	3.51808	7.6716	29.6888	-0.0540011	-0.879693	0.472467	153	0	118	3	1	0
0.0571901	1.11795	3.40137	7.94173	29.9764	0.466581	-0.499038	0.730248	153	0	119	3	1	0
0.0486852	0.894482	3.76486	7.9999	29.368	-0.278611	0.956467	0.0868772	152	0	120	3	1	1
0.0571901	0.936334	3.35313	7.99076	30.0292	-0.833108	-0.256356	0.617111	153	437	121	3	1	1
0.0572353	1.23491	2.6781	7.82449	30.5439	0.491721	-0.671027	0.554918	436	438	121	3	2	0
0.0402395	0.94163	3.28533	6.99583	31.2292	-0.00110036	-0.277226	0.960804	437	0	121	3	3	0
0.0571901	0.658388	3.12149	8.39372	30.4011	0.50396	-0.415494	0.757224	154	0	122	3	1	0
0.0423423	0.305516	2.74512	8.76598	30.7152	2.56911	-0.258119	2.01161	154	441	123	3	1	1
0.041602	1.19576	2.98492	8.74189	30.9029	0.276616	0.365386	-0.888807	440	442	123	3	2	0
0.0414749	0.680259	3.31569	9.1788	29.8401	0.110917	0.455158	-0.883475	441	443	123	3	3	0
0.034404	1.1449	3.39114	9.48843	29.2391	0.0925021	0.38919	-0.916501	442	0	123	3	4	0
0.0499642	1.11315	2.79533	8.70622	30.6529	0.547486	0.205149	0.811278	154	0	124	3	1	1
0.0571901	0.511493	2.66338	9.8479	30.9921	-1.57244	0.599185	-0.995335	155	446	126	3	1	1
0.0601237	1.12594	2.33493	10.0004	30.8234	-0.739585	0.661282	0.125383	445	447	126	3	2	0
0.0440662	2.09711	1.5022	10.745	30.9646	-0.42769	0.483573	-0.7637	446	0	126	3	3	0
0.0525543	1.72842	2.68693	10.0698	31.0819	0.191871	0.313674	-0.929943	156	0	127	3	1	0
0.0579549	0.961482	2.82349	10.698	31.1441	0.564239	0.00268253	0.825607	156	450	128	3	1	1
0.0535525	1.65539	3.366	10.7006	31.9379	0.604438	0.715304	-0.350705	449	451	128	3	2	0
0.0493537	0.721607	4.36658	11.8847	31.3573	0.481285	0.185996	-0.856604	450	452	128	3	3	0
0.0324812	1.20966	4.71388	12.0189	30.7392	0.495179	-0.274183	-0.824391	451	0	128	3	4	0
0.052968	0.820243	2.83215	11.0628	31.1449	0.59084	0.318903	-0.741086	156	0	129	3	1	0
0.0486816	0.963618	2.85271	11.1986	31.1308	0.618709	0.308451	0.722535	156	0	130	3	1	1
0.0551796	0.842101	2.63011	12.0759	31.0196	-0.871523	0.126449	0.47377	157	456	131	3	1	1
0.0134016	1.52445	1.8962	12.1824	31.4186	-0.0464037	-0.953442	0.297984	455	0	131	3	2	0
0.0506575	0.959646	2.85574	11.1929	31.1273	0.778879	0.602347	0.174715	156	0	132	3	1	1
0.0501318	0.397074	2.86905	11.452	31.122	1.13172	1.32559	1.81782	156	459	133	3	1	1
0.049368	1.25304	3.09893	11.6277	31.4042	0.31674	0.477777	-0.819393	458	460	133	3	2	0
0.0379052	0.489523	3.49581	12.2264	30.3774	0.676881	-0.119571	-0.726316	459	0	133	3	3	0
0.0409158	1.439	2.81558	11.5959	31.0078	-0.104425	-0.507341	-0.855395	157	0	134	3	1	0
0.0415488	0.850247	2.7359	11.6825	31.0466	-0.525865	-0.831899	-0.177229	157	0	135	3	1	1
0.0347591	0.694433	4.09481	12.7329	31.1549	0.203062	0.692174	-0.692576	159	0	136	3	1	1
0.0361648	0.550906	2.85045	12.7562	30.9415	0.266268	0.628799	0.730557	158	0	137	3	1	1
0.0351972	1.4011	3.35104	13.1425	30.9767	0.968495	-0.123914	-0.216013	159	466	138	3	1	1
0.01093	1.14369	4.708	12.9689	30.674	0.795653	-0.53606	-0.282091	465	0	138	3	2	0
0.0187534	0.615951	5.4736	7.06884	29.8426	0.44204	0.884601	-0.1486	163	0	139	3	1	1
0.0458383	0.726135	4.37446	7.29704	28.5727	-1.2106	-0.357283	0.550781	164	469	140	3	1	0
0.0500148	1.20098	3.75409	7.08898	28.8608	-0.918368	-0.393107	0.0454721	468	470	140	3	2	0
0.0436425	1.15893	2.65115	6.61686	28.9154	-0.601549	0.686622	-0.408276	469	471	140	3	3	0
0.0319172	0.845782	1.954	7.41261	28.4423	-0.386412	0.885934	0.256528	470	0	140	3	4	0
0.0552743	0.388366	4.35622	7.02513	29.2038	-2.51899	0.300417	0.441032	165	473	141	3	1	1
0.0567239	0.794359	4.07162	7.0314	29.2963	-0.206373	-0.583937	-0.785129	472	474	141	3	2	0
0.0553826	1.17597	3.90768	6.56755	28.6726	-0.114815	-0.96107	0.25132	473	475	141	3	3	0
0.061822	0.600431	3.77267	5.43736	28.9682	-0.0985007	0.368931	0.924223	474	476	141	3	4	0
0.0521199	0.556896	3.71352	5.65888	29.5231	-0.68242	0.322145	0.656145	475	477	141	3	5	0
0.0441462	0.710763	3.33349	5.83828	29.8885	0.223968	-0.925516	0.305382	476	478	141	3	6	0
0.0368753	0.643808	3.49268	5.18046	30.1055	-0.0362176	-0.99385	0.104647	477	0	141	3	7	0
0.039518	0.772166	4.39287	6.63029	29.2557	-0.735873	0.040934	0.675881	166	0	142	3	1	1
0.0623543	0.705355	4.59999	8.65901	31.8139	0.722327	-0.380111	0.577719	170	481	143	3	1	1
0.0424798	1.28946	5.10949	8.39089	32.2214	-0.499425	0.13929	0.855086	480	482	143	3	2	0
0.0339573	1.16073	4.4655	8.5705	33.324	-0.59962	0.606743	0.521842	481	0	143	3	3	0
0.0536781	1.46004	4.43337	7.5548	29.9053	0.336674	-0.92415	-0.180547	167	484	144	3	1	1
0.0542906	0.665823	4.92493	6.2055	29.6416	0.767483	-0.639474	0.045187	483	485	144	3	2	0
0.0677617	0.757245	5.43594	5.77972	29.6717	0.17477	-0.461467	0.869772	484	486	144	3	3	0
0.0669687	0.4503	5.56828	5.43028	30.3304	-0.224029	-0.666844	0.710725	485	487	144	3	4	0
0.0534855	0.77009	5.4674	5.13	30.6504	0.251702	-0.684639	-0.684044	486	488	144	3	5	0
0.0449523	0.839213	5.66123	4.60277	30.1236	-0.426492	-0.888273	-0.170515	487	489	144	3	6	0
0.0380511	0.85715	5.30332	3.85732	29.9805	-0.14693	-0.984882	-0.0917593	488	490	144	3	7	0
0.0285005	1.12822	5.17737	3.01312	29.9019	0.287251	-0.751033	0.594505	489	0	144	3	8	0
0.0510567	0.382926	4.63327	7.79049	30.5542	-1.22853	2.25606	0.469795	167	492	145	3	1	1
0.0199754	1.06683	4.34357	8.15512	30.5477	0.282714	0.160754	0.945638	491	0	145	3	2	0
0.0510567	0.352272	4.73502	7.84554	30.748	1.56327	2.05368	1.18191	167	494	146	3	1	1
0.0520829	1.0129	4.97165	8.15484	30.8253	0.600776	0.627994	0.494663	493	495	146	3	2	0
0.0483921	1.39121	5.58018	8.79094	31.3264	0.501595	0.799348	0.330825	494	496	146	3	3	0
0.0356292	0.976846	6.278	9.903	31.7866	-0.109237	0.930217	0.350375	495	0	146	3	4	0
0.0486447	0.835495	4.69288	7.65916	31.257	-0.470136	-0.845586	0.252898	168	0	147	3	1	1
0.045959	0.748471	4.83786	8.11941	31.432	0.0991686	-0.486231	1.24048	169	499	148	3	1	1
0.047579	1.01122	4.84495	7.84243	32.1138	-0.463232	-0.634643	0.618583	498	500	148	3	2	0
0.0352361	0.813536	4.37652	7.20067	32.7393	0.508662	-0.820697	0.260228	499	0	148	3	3	0
0.0346407	0.85689	4.64297	9.15757	32.3719	0.860273	-0.0218116	0.509367	171	502	149	3	1	0
0.0153653	0.515248	5.38013	9.13888	32.8084	0.909834	-0.0958622	0.403747	501	0	149	3	2	0
0.0436493	1.08805	4.77241	9.39924	32.6187	0.416917	0.200944	-0.886455	171	0	150	3	1	1
0.0333653	1.93358	4.86928	8.45382	31.2939	0.00537007	0.948421	-0.316967	170	505	151	3	1	0
0.0368276	1.25806	4.87967	10.2877	30.681	0.044841	-0.203536	-0.97804	504	506	151	3	2	0
0.0283926	0.62927	4.93608	10.0316	29.4506	-0.602412	-0.121737	-0.788847	505	0	151	3	3	0
0.0278198	1.69073	4.58342	8.67701	31.7863	-0.301094	0.464422	-0.83286	170	0	152	3	1	1
0.0446175	0.733148	4.77883	8.52485	31.461	-0.924599	0.679563	0.737397	170	509	153	3	1	1
0.0190821	0.855184	4.38943	8.82692	31.8499	-0.313086	-0.128883	0.940939	508	0	153	3	2	0
0.0426386	1.12406	4.53929	8.70742	31.8442	-0.211634	0.925738	-0.313402	170	0	154	3	1	0
0.0376111	0.90601	4.53428	8.90477	32.1104	-0.930846	-0.00445795	-0.365385	171	0	155	3	1	1
0.0389934	0.970493	4.61058	9.0656	32.2752	-0.47755	0.678001	-0.558803	171	0	156	3	1	1
0.0366846	0.284416	4.83063	9.5142	32.7384	3.00181	0.377197	-1.79135	171	514	157	3	1	1
0.0397853	1.02675	5.07345	9.54471	32.5935	-0.533491	0.829783	0.163849	513	515	157	3	2	0
0.0350503	1.22683	4.52569	10.3967	32.7617	-0.959951	-0.246116	-0.133866	514	516	157	3	3	0
0.0270118	1.10233	3.348	10.0948	32.5975	-0.321616	0.727584	0.605958	515	0	157	3	4	0
0.0248368	1.01094	10.0386	6.33269	26.1968	0.193668	-0.668001	0.718517	182	0	158	3	1	0
0.0374464	0.683826	10.8548	5.7799	31.2423	-1.00459	1.04141	0.211564	192	519	159	3	1	1
0.0142334	0.788758	10.385	6.26688	31.3413	-0.215434	0.715277	-0.664806	518	0	159	3	2	0
0.0437556	0.754808	10.9941	6.25793	28.9248	0.848204	0.276593	0.451715	186	0	160	3	1	1
0.0533205	0.779414	11.0903	6.09837	28.7779	0.178528	-0.171953	0.968793	186	0	161	3	1	0
0.0388095	0.738347	9.83578	5.92634	29.9274	-0.0468046	0.73805	-0.673121	188	0	162	3	1	1
0.0276239	0.70066	10.7366	5.60181	31.2585	0.974368	-0.222655	-0.0321128	192	0	163	3	1	1
0.0278247	0.717092	11.6134	6.39741	31.5989	0.0203992	-0.019577	-0.9996	193	0	164	3	1	1
0.0279235	0.934898	11.9125	6.5873	31.7879	-0.756658	0.113779	-0.643835	193	0	165	3	1	1
0.0331705	0.711563	8.52859	6.89939	24.1813	0.318784	-0.980372	0.955132	177	527	166	3	1	0
0.0329939	0.44698	8.67896	6.4006	24.6634	0.0863657	-0.685408	0.723019	526	528	166	3	2	0
0.0339413	0.361755	8.71756	6.09424	24.9866	0.0228061	-0.703941	0.709892	527	529	166	3	3	0
0.0391786	0.392078	8.72581	5.83958	25.2434	0.284834	-0.605694	0.74297	528	530	166	3	4	0
0.0411324	0.559804	8.83749	5.6021	25.5347	-0.0993276	-0.659625	0.745002	529	531	166	3	5	0
0.045129	0.787037	8.78189	5.23284	25.9518	-0.0265368	-0.810335	0.585366	530	532	166	3	6	0
0.0461661	0.710982	8.761	4.59508	26.4125	-0.0107831	-0.658357	0.752628	531	533	166	3	7	0
0.0437203	0.689209	8.75333	4.127	26.9476	-0.455484	-0.669146	0.587177	532	534	166	3	8	0
0.0418421	0.684272	8.43941	3.66582	27.3523	-0.84315	-0.476006	0.250034	533	535	166	3	9	0
0.0413465	0.644872	7.86247	3.3401	27.5234	-0.853604	-0.17616	0.490232	534	536	166	3	10	0
0.0479915	0.671277	7.312	3.2265	27.8395	-0.290206	-0.160143	0.94347	535	537	166	3	11	0
0.0399491	0.543144	7.11719	3.119	28.4728	0.272269	0.170522	0.946991	536	538	166	3	12	0
0.0445407	0.680706	7.26507	3.21162	28.9872	0.268606	-0.128375	0.954657	537	539	166	3	13	0
0.0396214	1.13717	7.44791	3.12423	29.637	0.731949	0.677578	0.0716766	538	540	166	3	14	0
0.0358666	0.847621	8.28027	3.89476	29.7185	0.495976	0.0782844	0.8648	539	541	166	3	15	0
0.0365609	0.613907	8.70067	3.96111	30.4516	-0.569417	-0.583218	0.579328	540	542	166	3	16	0
0.0313657	1.33701	8.3511	3.60307	30.8072	-0.742742	-0.493665	0.452359	541	0	166	3	17	0
0.0259263	0.533573	8.40194	5.01759	28.2273	-0.703091	0.193156	0.684364	203	0	167	3	1	0
0.0377209	1.51578	5.88161	5.52634	25.4541	-0.478471	-0.868507	0.129464	208	545	168	3	1	1
0.0307689	0.58816	5.15636	4.20988	25.6504	-0.791016	-0.611254	0.0257454	544	546	168	3	2	0
0.0306607	0.471079	4.69111	3.85036	25.6655	-0.884284	-0.466812	-0.0112883	545	547	168	3	3	0
0.026585	0.574801	4.27455	3.63045	25.6602	-0.120141	0.763757	0.634226	546	0	168	3	4	0
0.0302302	1.111	4.70597	5.25697	25.7181	-0.847863	-0.45923	-0.265021	209	0	169	3	1	1
0.0549297	0.182032	5.94872	4.94832	27.1379	0.341112	-4.18203	3.54586	212	550	170	3	1	1
0.0549831	0.776673	5.97035	4.82941	27.271	-0.297476	-0.464539	0.834093	549	551	170	3	2	0
0.0554596	0.615112	5.73931	4.46861	27.9188	0.135144	-0.691007	0.710102	550	552	170	3	3	0
0.0393813	1.22871	5.82243	4.04357	28.3556	0.412331	-0.805414	0.425784	551	0	170	3	4	0
0.0290317	0.838402	7.56449	5.15262	29.8611	1.09382	-0.267215	-0.393437	225	554	171	3	1	0
0.0118244	0.755843	8.57365	5.11229	29.4566	0.206192	-0.134677	-0.969199	553	0	171	3	2	0
0.0335726	0.734099	7.26968	4.70512	29.5334	-0.301187	0.724387	0.620121	223	0	172	3	1	1
0.0387602	0.485972	7.38443	5.17999	29.6344	0.693646	0.545615	-0.470277	223	0	173	3	1	0
0.0211924	1.20488	7.39339	5.89251	30.3495	-0.683786	-0.0123862	-0.729577	225	0	174	3	1	1
0.0233789	1.09838	7.4348	5.78472	30.2932	0.312489	0.740694	0.594746	225	0	175	3	1	1
0.0298787	1.02795	7.42925	5.66731	30.0856	-0.139226	0.965536	0.2199	224	0	176	3	1	1
0.0420089	0.378237	6.77963	4.32522	27.9253	-1.88694	-1.81665	0.359416	219	561	177	3	1	1
0.0421343	1.03359	6.55132	4.12855	27.9507	0.610638	-0.541686	-0.577666	560	562	177	3	2	0
0.0387787	0.637695	7.18247	3.56867	27.3537	0.756587	0.244477	-0.606471	561	563	177	3	3	0
0.0297224	0.826298	7.66494	3.72457	26.9669	0.770359	0.397295	-0.498702	562	0	177	3	4	0
0.0151858	0.848924	9.02947	3.25866	28.9643	0.452189	0.738057	-0.500796	230	0	178	3	1	0
0.0354241	0.72662	8.81578	2.28694	29.4732	-0.509813	-0.859933	-0.0246399	233	0	179	3	1	1
0.0352377	0.629255	8.87793	2.34754	29.6727	0.345655	-0.854607	0.387517	233	0	180	3	1	1
0.0232456	0.908233	9.81391	3.71599	29.1564	0.132895	0.982431	0.131028	237	0	181	3	1	1
0.0212958	1.11263	9.93371	3.74274	29.0302	0.519741	-0.233273	0.82186	237	0	182	3	1	1
0.0472241	1.08615	6.15812	2.56976	27.7651	-0.8085	-0.514674	0.285373	243	0	183	3	1	0
0.0586062	0.635263	6.40932	2.5487	27.6991	-0.731829	-0.486769	-1.30592	244	571	184	3	1	1
0.0214612	1.09231	6.09278	2.33799	27.1746	-0.279376	0.0638508	-0.958057	570	0	184	3	2	0
0.048267	1.33288	7.33177	1.85636	27.9219	0.773512	0.457599	0.438501	245	0	185	3	1	1
0.0511871	1.1565	7.52577	1.66993	27.9278	0.742758	0.442616	0.00805608	245	574	186	3	1	1
0.0498741	0.670477	8.54496	2.28499	27.944	0.495633	-0.852741	0.164865	573	575	186	3	2	0
0.037988	0.490421	8.87727	1.71325	28.0545	0.103731	-0.907355	-0.407367	574	0	186	3	3	0
0.0564085	0.798752	6.39721	3.38233	27.4631	-0.676024	0.331981	-0.657861	243	577	187	3	1	1
0.0431058	0.558503	5.85723	3.6475	26.9376	-0.74731	-0.663314	-0.0392738	576	578	187	3	2	0
0.054931	0.801091	5.43986	3.27704	26.9157	-0.741373	-0.444465	0.502809	577	579	187	3	3	0
0.0532804	0.953334	4.84595	2.92098	27.3185	-0.642009	0.298122	-0.706362	578	580	187	3	4	0
0.0441214	1.10067	4.2339	3.20519	26.6451	-0.93437	-0.0983103	-0.342473	579	581	187	3	5	0
0.0358461	1.16579	3.20547	3.09698	26.2682	-0.734272	0.662879	0.146409	580	0	187	3	6	0
0.0642483	1.35894	10.2811	8.61979	26.1779	0.712987	0.678058	0.178571	249	0	188	3	1	1
0.0426721	0.813163	10.5239	7.80238	25.9841	0.58284	-0.265163	-0.768106	250	0	189	3	1	1
0.0455847	0.860773	10.3213	7.66001	25.9773	0.570379	-0.813766	-0.111594	250	0	190	3	1	0
0.0528731	0.86317	10.5553	9.08265	26.1453	0.0639103	-0.500452	-0.863402	248	0	191	3	1	1
0.0536705	0.551496	9.97296	9.84681	24.4588	0.935814	-0.875925	-1.28253	260	587	192	3	1	1
0.0577478	1.29392	10.2513	9.66056	24.0812	0.853816	0.468573	-0.226797	586	588	192	3	2	0
0.05356	1.17133	11.356	10.2669	23.7877	-0.625653	0.744783	0.23207	587	589	192	3	3	0
0.0445054	1.33517	10.6232	11.1392	24.0595	-0.712668	-0.103905	0.693764	588	590	192	3	4	0
0.0271748	1.19252	9.67165	11.0005	24.9858	-0.667664	0.742856	0.0488789	589	0	192	3	5	0
0.0536705	0.833766	10.0929	9.96896	24.4958	0.834229	0.856533	-0.0944466	261	592	193	3	1	1
0.0240778	1.10569	10.5932	10.5977	24.5709	0.916491	0.336656	0.216121	591	0	193	3	2	0
0.0254178	1.77035	11.3545	9.99606	24.9305	-0.620759	0.530424	-0.577329	262	0	194	3	1	1
0.0301393	0.523976	12.0679	9.53449	25.2006	0.918913	0.0690734	1.67127	262	595	195	3	1	1
0.0115948	1.02624	12.1988	9.54962	25.5553	-0.362972	0.234138	0.901904	594	0	195	3	2	0
0.0790252	0.728301	5.64903	10.7177	27.7801	0.285968	0.590327	-0.754809	265	597	196	3	1	1
0.004867	0.823204	5.8573	11.1476	27.2304	0.375676	0.130809	-0.917473	596	0	196	3	2	0
0.0727332	0.574937	5.85754	10.5083	27.6565	0.82459	0.311413	-0.472306	264	599	197	3	1	1
0.0246919	0.431176	6.33162	10.6873	27.385	0.328706	0.874592	-0.356428	598	0	197	3	2	0
0.082796	1.82225	6.52481	10.3276	27.9813	-0.884934	-0.34025	-0.317997	263	0	198	3	1	0
0.0427357	0.901846	5.31802	10.9935	28.0027	-0.791596	0.4372	-0.426886	265	0	199	3	1	1
0.0731087	0.565048	5.70863	10.6834	27.786	0.31033	0.93013	-0.196349	265	0	200	3	1	0
0.0455134	0.517681	5.5511	10.785	27.9637	0.0106006	-0.0286878	0.999532	265	0	201	3	1	1
0.0435306	1.14257	5.21755	11.0824	28.2039	-0.288875	-0.957187	-0.0185323	266	0	202	3	1	1
0.0346039	1.30383	7.35086	9.99139	25.6729	0.612163	0.53252	0.584533	267	606	203	3	1	1
0.0136013	0.559109	8.14902	10.6857	26.435	0.412833	0.910043	0.0373003	605	0	203	3	2	0
0.0573632	1.52615	7.67475	12.5817	26.7531	-0.322037	0.946175	-0.0323387	274	608	204	3	1	1
0.0466335	1.40458	7.18327	14.0257	26.7037	-0.155781	0.981316	0.112919	607	609	204	3	2	0
0.0370669	0.9983	6.96447	15.404	26.8623	0.944012	0.316114	0.0944072	608	0	204	3	3	0
0.050063	0.345094	8.26551	11.6642	26.3864	1.50796	0.20447	2.46602	271	611	205	3	1	1
0.0428159	0.68497	8.44509	11.6885	26.6801	0.934628	0.327835	0.13782	610	612	205	3	2	0
0.0264767	1.12819	9.08528	11.9131	26.7745	0.852519	0.383835	0.354798	611	0	205	3	3	0
0.0486419	1.05245	7.63218	12.7801	26.7158	-0.00280913	0.669564	0.674154	274	614	206	3	1	0
0.0174482	1.20224	7.62907	13.5217	27.4625	0.236056	0.959007	-0.156791	613	0	206	3	2	0
0.048826	1.32193	8.02934	13.5774	26.7391	0.465556	-0.263371	-0.844922	276	616	207	3	1	0
0.0474746	0.739041	8.64477	13.2293	25.6221	0.81693	0.461768	-0.345536	615	617	207	3	2	0
0.0367789	1.03767	9.24852	13.5705	25.3668	0.957912	0.0165539	-0.286584	616	0	207	3	3	0
0.0378786	1.3131	7.33821	13.3074	26.4479	0.194684	-0.785846	-0.586979	275	0	208	3	1	1
0.0491377	0.963151	8.6808	13.8239	26.9182	0.648206	0.0213207	0.761166	276	0	209	3	1	1
0.0403125	0.698271	9.08212	14.2942	27.1414	0.82573	-0.365089	0.429977	277	0	210	3	1	1
0.0366034	0.732778	7.31726	10.0439	27.5638	0.111393	-0.221028	0.968885	279	0	211	3	1	0
0.00772988	0.519125	5.27546	13.1554	30.0764	-0.975352	0.0550371	-0.21368	286	0	212	3	1	1
0.042413	1.20566	8.82648	8.90527	26.3576	0.558893	-0.804717	0.20017	296	624	213	3	1	1
0.0132531	0.958318	9.50032	7.93505	26.5989	0.536706	-0.774484	0.334844	623	0	213	3	2	0
0.0150846	0.787715	9.49232	6.68696	31.0515	-0.511882	0.815786	-0.269201	302	0	214	3	1	1
0.0140921	0.868523	9.5115	6.70819	31.0552	0.804644	-0.563247	-0.187885	302	0	215	3	1	1
0.0172749	0.867582	9.24254	6.34256	31.0345	0.793791	0.298442	-0.780629	302	628	216	3	1	1
0.0185731	1.15476	9.8173	6.58412	30.4279	0.990006	0.120763	-0.0728327	627	629	216	3	2	0
0.0172478	1.29773	10.9605	6.72357	30.3438	0.104013	0.605235	0.789222	628	0	216	3	3	0
0.0130133	1.14279	9.62733	6.86659	31.0636	0.632187	0.355828	0.688277	302	0	217	3	1	1
0.0149836	0.934681	9.58206	6.80639	31.0595	0.451844	0.473727	-0.755923	302	0	218	3	1	1
0.00782169	0.795898	9.93324	7.29617	31.164	-0.465697	0.0946416	-0.879869	303	0	219	3	1	1
0.00796157	0.750481	10.0072	7.39304	31.193	0.548567	-0.665839	0.5057	303	0	220	3	1	1
0.0167395	1.42015	8.68903	6.68628	30.3875	-0.582731	-0.720191	0.376497	307	0	221	3	1	1
0.0360896	0.829569	7.69783	12.3829	29.1892	0.813815	-0.297899	-0.498961	314	636	222	3	1	1
0.0116696	0.809095	8.37295	12.1358	28.7753	0.0166441	0.25831	-0.965919	635	0	222	3	2	0
0.0396403	1.19999	7.97839	11.6861	29.7087	-0.0770216	-0.112444	-0.990669	314	638	223	3	1	1
0.0112647	0.812751	7.88596	11.5512	28.5199	0.22036	-0.102951	-0.96997	637	0	223	3	2	0
0.0331358	0.803384	7.71415	12.2523	29.2608	-0.483186	0.129668	0.865862	314	0	224	3	1	0
0.0442805	0.729209	7.46735	12.9908	29.4744	1.26388	0.0842481	-0.525455	315	641	225	3	1	1
0.0528549	0.993257	8.13201	12.985	29.2091	0.903297	0.428675	-0.0171214	640	642	225	3	2	0
0.0420237	0.659666	9.02921	13.4108	29.1921	-0.275903	0.505469	-0.817544	641	643	225	3	3	0
0.0290086	1.30227	8.84721	13.7442	28.6528	0.415724	-0.669492	-0.615592	642	0	225	3	4	0
0.0389452	1.00732	8.25546	13.1195	29.6325	-0.356953	0.817604	-0.451784	316	645	226	3	1	1
0.00993373	0.993937	7.89589	13.9431	29.1774	-0.64607	0.315778	0.694894	644	0	226	3	2	0
0.033579	0.961116	8.89522	13.3496	29.5037	-0.171622	-0.980873	0.0918343	317	0	227	3	1	1
0.0236407	1.88331	10.8871	13.6627	28.6984	-0.98855	-0.14972	-0.0188	320	0	228	3	1	0
0.0265814	1.06595	10.5227	13.4226	28.8195	-0.688747	-0.713943	0.12615	320	0	229	3	1	1
0.024449	0.949747	10.428	13.3596	28.852	-0.698709	-0.189128	-0.689954	320	0	230	3	1	1
0.0347076	0.866323	10.0535	13.3125	29.2665	-0.24793	-0.566201	-0.786096	319	0	231	3	1	1
0.0187147	0.824634	10.8655	13.6311	28.6892	-0.109246	-0.833028	-0.542337	320	0	232	3	1	1
0.0409897	0.655635	7.45154	13.0665	29.5077	0.142044	0.099456	-0.984851	316	653	233	3	1	1
0.0416455	1.60081	7.54467	13.1318	28.862	-0.611301	-0.0468101	0.790013	652	654	233	3	2	0
0.0350907	0.626661	6.56609	13.0568	30.1267	-0.462409	0.864652	0.196355	653	0	233	3	3	0
0.0331216	0.490951	9.383	11.5243	29.7716	-0.684318	0.622929	0.379036	327	0	234	3	1	1
0.0308279	1.16999	9.06987	10.6749	28.6886	0.581178	0.487444	0.651637	325	0	235	3	1	1
0.0391137	0.922021	8.19019	9.79883	28.0699	-0.344159	0.887732	0.305754	334	0	236	3	1	0
0.0535601	0.649994	8.06509	9.59592	29.4302	-0.336936	0.670742	-0.660742	335	659	237	3	1	1
0.0469647	0.509457	7.84608	10.0319	29.0008	-0.111176	0.753236	0.648287	658	660	237	3	2	0
0.0242803	0.614204	7.78944	10.4156	29.331	-0.239644	0.462357	0.853696	659	0	237	3	3	0
0.021589	0.418524	6.05694	7.62847	32.0965	2.05744	0.0770786	-1.21244	341	662	238	3	1	1
0.0260086	1.19434	6.41733	7.64197	31.8842	-0.815366	-0.393222	-0.424917	661	663	238	3	2	0
0.0222707	0.728374	5.4435	7.17233	31.3767	0.603516	0.336877	-0.722691	662	0	238	3	3	0
0.0289559	0.828902	7.40976	8.52141	31.4476	0.270167	-0.491793	0.827738	339	0	239	3	1	1
0.0198708	1.08481	6.11892	7.71888	32.0215	-0.477441	-0.334524	-0.812492	341	0	240	3	1	1
0.0270568	1.10296	6.99757	9.33893	32.5971	0.594699	0.669005	-0.144147	350	667	241	3	1	1
0.0106033	0.933038	7.78181	10.17	32.276	-0.0201642	0.995639	0.0910819	666	0	241	3	2	0
0.0490023	0.890674	9.01846	12.1184	31.6591	-0.903075	0.0703527	0.423681	356	0	242	3	1	0
0.0458816	0.715821	9.14559	12.3979	31.8008	-0.779894	-0.0500819	0.623905	356	0	243	3	1	1
0.0386228	0.375289	9.54932	12.8652	30.7823	-0.989039	0.0972915	-0.111068	357	0	244	3	1	1
0.0422443	0.911999	8.23439	11.2685	31.2201	0.304839	0.949166	-0.0784677	355	672	245	3	1	1
0.0130497	0.788619	8.51241	12.1342	31.1485	0.859336	-0.40163	-0.316599	671	0	245	3	2	0
0.040698	0.460241	6.20561	11.8529	31.425	0.764085	-1.19007	1.6495	362	674	246	3	1	1
0.018616	1.08123	6.31586	11.6017	31.8042	-0.202106	-0.859111	-0.470193	673	0	246	3	2	0
0.026377	1.09347	5.37541	11.8784	31.6412	0.0304397	-0.886206	0.462291	363	0	247	3	1	1
0.0395417	0.142906	5.63296	11.8568	31.5883	6.42247	-0.557536	-2.72164	362	677	248	3	1	1
0.0415925	0.907798	5.77962	11.8186	31.6	0.178213	0.938864	0.294576	676	678	248	3	2	0
0.031291	0.849172	5.9414	12.6709	31.8675	-0.343789	0.504934	-0.791739	677	0	248	3	3	0
0.040698	0.527419	6.39665	11.8418	31.3561	-0.729209	-0.707305	-1.6009	362	680	249	3	1	1
0.0449658	0.650129	6.13039	11.6877	30.9188	-0.232763	-0.608326	-0.758789	679	681	249	3	2	0
0.0330935	0.751702	5.97907	11.2922	30.4254	-0.230677	-0.411876	-0.881559	680	0	249	3	3	0
0.03163	0.283795	7.16925	12.1666	32.3541	-0.751388	-0.577579	-0.319089	364	0	250	3	1	0
0.0490191	1.15671	8.53386	7.93173	31.7434	0.250498	0.806763	0.183782	367	684	251	3	1	1
0.0197158	0.985697	8.86337	9.00797	32.0222	-0.00803298	0.995761	0.091623	683	0	251	3	2	0
0.0362267	0.826904	8.412	8.60404	31.703	-0.260014	0.229282	0.937989	366	0	252	3	1	1
0.0490191	0.717569	8.5205	8.0956	31.694	-1.14641	0.68487	0.398484	367	687	253	3	1	1
0.0561245	0.882143	7.99887	8.54084	31.8925	0.0307596	-0.925507	0.377479	686	688	253	3	2	0
0.0350704	1.37767	8.026	7.72441	32.2255	0.416059	-0.906987	-0.0653389	687	0	253	3	3	0
0.047093	0.983304	8.36394	7.73698	31.6326	-0.327676	-0.571779	-0.752129	368	0	254	3	1	1
0.0244421	0.871062	8.98286	5.72429	31.1484	-0.314566	0.195044	-0.928981	371	0	255	3	1	1
0.0490191	0.973189	8.53663	7.8749	31.7514	0.0845576	-1.01698	0.120213	367	692	256	3	1	0
0.0176024	0.831134	8.61671	6.91171	31.8653	0.959928	-0.265582	-0.0894675	691	0	256	3	2	0
0.0384485	0.341254	9.80227	9.39948	30.0768	0.579335	0.608748	-0.542031	372	0	257	3	1	1
0.019142	1.57645	10.618	12.2721	31.4495	-0.483621	0.139577	-0.864077	376	0	258	3	1	1
0.0196997	1.808	10.0713	11.3019	31.1203	-0.244503	0.871345	-0.425414	376	0	259	3	1	1
0.0367109	1.22651	9.26018	10.2473	31.0221	0.318596	0.0533089	0.94639	378	0	260	3	1	1
0.0428079	0.807812	9.36843	10.3354	30.994	0.214464	0.477229	1.12191	378	698	261	3	1	1
0.0168956	0.654682	9.51036	10.6561	31.705	-0.367414	0.928375	-0.0559089	697	0	261	3	2	0
0.0369846	1.14723	9.68314	10.5751	30.9182	0.557353	0.101457	0.824054	378	0	262	3	1	1
0.0329286	1.18139	9.87542	10.7399	30.8621	0.85319	0.456353	0.252605	378	0	263	3	1	1
0.0329635	1.09436	10.5817	11.3163	30.5416	0.567049	0.724336	0.392165	379	0	264	3	1	1
0.0328911	0.863086	10.647	12.0589	30.233	-0.702533	-0.649179	-0.29157	380	0	265	3	1	1
0.0235277	0.538007	10.3822	12.2395	30.2357	-0.824942	-0.275133	-0.493733	380	0	266	3	1	1
0.0428079	1.26001	10.2753	11.0084	30.6886	-0.103518	-0.717362	0.323339	378	705	267	3	1	1
0.018181	1.6523	10.0878	10.0389	31.2181	0.372786	0.584944	-0.720327	704	0	267	3	2	0
0.0824156	1.39033	10.3763	10.1292	26.9913	0.309471	-0.950131	-0.0384643	383	0	268	3	1	0
0.0368243	0.904132	9.81594	9.6397	26.4189	-0.771044	0.231033	-0.593393	384	0	269	3	1	1
0.0481562	1.20363	11.0494	10.5449	27.1747	0.512679	-0.858248	0.0238854	387	0	270	3	1	1
0.0695492	0.448158	11.056	10.575	27.1422	0.170794	2.02132	-0.929552	387	710	271	3	1	1
0.0295853	1.21293	11.1097	10.9915	26.9481	0.635668	0.0495618	0.77037	709	0	271	3	2	0
0.0433889	0.812695	10.6883	9.69473	27.2994	0.0319057	-0.892504	0.44991	390	0	272	3	1	1
0.0385633	0.99144	11.2888	10.7729	28.7834	-0.755608	0.536605	0.375647	392	0	273	3	1	1
0.0562481	0.789783	11.4281	10.7187	29.0643	-0.828484	-0.12412	0.546084	392	0	274	3	1	1
0.0580179	0.542864	11.6909	10.6214	29.3287	0.489073	-1.37163	-1.12814	393	715	275	3	1	1
0.0200944	1.29184	11.8996	10.1882	29.0072	0.105489	-0.984326	0.141329	714	0	275	3	2	0
0.0560156	1.25776	12.1787	11.2409	29.824	0.0655154	-0.841811	0.535781	393	0	276	3	1	1
0.0580179	0.778496	11.8375	10.8041	29.4839	0.823114	-0.986124	-0.00736049	393	718	277	3	1	1
0.0269084	0.777697	12.3513	10.2655	29.4742	0.566253	-0.758051	-0.3236	717	0	277	3	2	0
0.0539065	0.878542	11.606	10.5593	29.359	0.463516	-0.733901	0.49653	393	0	278	3	1	1
0.0467703	0.555448	12.3943	12.4364	29.5025	0.252457	0.615485	0.746622	398	0	279	3	1	0
0.0338714	1.31327	11.4243	12.5624	28.2296	-0.886765	-0.10324	0.450544	400	722	280	3	1	0
0.0105136	0.787001	10.2597	12.4268	28.8213	-0.187325	0.0954858	-0.977646	721	0	280	3	2	0
0.0720333	0.937044	12.0683	12.2827	29.1752	0.143769	-0.888108	-0.436572	399	724	281	3	1	1
0.0461728	0.81539	12.203	11.4505	28.7661	0.0371381	-0.888353	-0.457657	723	725	281	3	2	0
0.0362628	1.09658	12.2333	10.7261	28.3929	0.15652	-0.872824	-0.462256	724	0	281	3	3	0
0.0758421	0.597354	10.271	9.67852	27.9941	-0.685379	0.645957	0.336149	403	0	282	3	1	1
0.0545045	0.608473	9.82946	9.3064	28.1728	-0.449364	0.891167	-0.0624041	403	0	283	3	1	0
0.0441473	0.0998426	9.36474	8.51194	28.5804	0.688407	-0.610092	0.392279	403	0	284	3	1	0
0.0683986	1.66174	10.4043	9.76894	27.8676	0.98373	-0.0942908	0.152921	403	0	285	3	1	0
0.0281555	1.46754	5.20381	9.94692	26.2553	-0.385634	-0.195749	0.901648	405	0	286	4	1	0
0.0146783	0.853541	4.46564	8.05749	24.81	0.709284	-0.674128	-0.206076	407	0	287	4	1	1
0.039618	0.330147	4.52064	7.92569	24.5486	2.32209	1.19187	1.53684	407	733	288	4	1	1
0.0416532	0.772006	4.78171	8.00248	24.7424	0.72882	0.388808	0.563604	732	734	288	4	2	0
0.0325548	0.761945	5.34436	8.30264	25.1775	0.0460401	-0.759994	-0.648298	733	0	288	4	3	0
0.0383795	0.147126	3.05534	11.2217	28.302	-0.555284	0.44579	0.70209	420	0	289	4	1	1
0.00226894	0.649007	3.30499	12.2805	28.7562	-0.57956	-0.475752	-0.661642	425	0	290	4	1	1
0.0389735	0.933791	3.19396	7.46872	27.4054	-0.136889	-0.520567	0.842776	427	0	291	4	1	0
0.0453479	1.42941	2.93895	7.50267	27.6953	-0.0746224	0.767718	-0.636428	427	0	292	4	1	1
0.0405275	0.31834	2.56133	7.60492	28.1621	-1.33286	2.61683	-1.11509	428	740	293	4	1	1
0.0172887	0.925678	2.44492	7.83976	28.0803	0.818946	0.5519	0.157269	739	0	293	4	2	0
0.0386761	0.851954	2.46285	7.57873	28.2296	-0.100973	0.978774	0.178342	428	0	294	4	1	1
0.0396133	1.02557	2.62005	7.6071	28.0666	-0.710055	0.670071	0.216394	427	0	295	4	1	1
0.0516569	0.448	3.16274	7.82107	27.2609	-1.92588	-0.19564	-1.11138	426	744	296	4	1	1
0.0215392	1.66241	2.92686	7.86097	26.9399	0.206215	-0.949299	-0.237291	743	0	296	4	2	0
0.0543306	0.349994	3.20028	6.76759	30.7025	-0.399308	-0.856464	0.327142	433	0	297	4	1	0
0.0349315	1.29306	3.17785	7.22845	31.0933	-0.095782	0.762952	0.63932	437	0	298	4	1	1
0.0352218	0.497739	3.40978	9.6481	28.8013	-0.993501	0.0552591	-0.0995099	443	0	299	4	1	1
0.0228773	0.692037	3.22088	8.81756	31.297	0.570815	-0.821038	0.00816581	444	0	300	4	1	1
0.0543306	0.392095	1.37045	10.9168	30.9465	0.499594	0.827412	0.256506	446	0	301	4	1	0
0.0543306	1.26956	1.81608	10.5203	30.9597	-0.398841	-0.57858	-0.355809	446	751	302	4	1	1
0.0515604	0.800515	1.1932	9.61106	30.4163	0.840943	0.197705	-0.503714	750	752	302	4	2	0
0.0403669	0.531468	1.86638	9.76933	30.0131	0.695382	-0.0156258	-0.71847	751	753	302	4	3	0
0.0347881	0.858957	2.23596	9.76102	29.6312	0.683679	0.230816	-0.69232	752	0	302	4	4	0
0.0321771	0.795455	1.12251	11.1213	30.2923	0.10789	-0.975001	-0.786217	447	755	303	4	1	1
0.0117876	1.34255	1.18568	10.4839	29.775	0.955906	-0.176355	-0.234824	754	0	303	4	2	0
0.0334361	1.09553	0.644501	11.6735	29.4161	0.49768	-0.823683	-0.271772	447	757	304	4	1	1
0.0323299	0.737923	1.18972	10.7711	29.1184	0.860747	-0.491005	-0.134268	756	758	304	4	2	0
0.0302355	0.613243	1.82489	10.4088	29.0193	0.956007	0.0918785	-0.278582	757	0	304	4	3	0
0.0437945	0.847161	0.709634	11.5824	29.5694	0.18427	0.305979	0.934035	447	760	305	4	1	1
0.03349	0.927254	0.86574	11.8416	30.3607	0.945621	-0.32515	-0.00885327	759	761	305	4	2	0
0.035901	0.968788	1.74257	11.5401	30.3525	0.198074	0.926521	0.319882	760	762	305	4	3	0
0.0276844	0.882846	1.93446	12.4377	30.6624	0.713832	-0.177681	-0.677402	761	763	305	4	4	0
0.023405	0.799704	2.56467	12.2808	30.0643	0.778761	-0.428144	-0.458502	762	0	305	4	5	0
0.0330141	0.168041	4.25095	12.2402	31.4663	-0.087987	-0.758211	-0.646045	452	0	306	4	1	0
0.0503196	0.753355	4.17271	11.6434	31.5298	0.603273	-0.149465	1.1729	450	766	307	4	1	1
0.0163292	0.897842	4.46686	11.4862	32.1326	0.711425	-0.697322	0.0872711	765	0	307	4	2	0
0.0309884	1.70666	4.70746	12.0075	30.7918	-0.365523	-0.149189	0.918768	452	0	308	4	1	1
0.0403713	0.71529	4.40954	11.8714	31.3777	0.884869	0.196667	0.42229	451	0	309	4	1	0
0.0343214	0.994211	4.48378	11.8771	31.1855	0.432134	0.865146	-0.254524	451	0	310	4	1	1
0.0257911	1.16041	4.82641	11.9222	30.506	-0.226961	-0.593994	-0.77179	452	0	311	4	1	1
0.00234743	1.53084	1.84805	11.0163	31.7721	-0.136333	0.839922	-0.525304	456	0	312	4	1	1
0.0289567	0.801787	2.05149	12.1042	31.3257	0.666721	-0.604755	0.435608	455	0	313	4	1	1
0.00200795	1.12702	1.85819	11.2186	31.7092	0.0640208	-0.995659	0.0675667	456	0	314	4	1	1
0.015995	0.528324	2.94446	13.0681	31.275	-0.979437	-0.201152	0.0155585	464	0	315	4	1	1
0.0338932	0.968087	4.67637	12.97	30.645	-0.0619913	-0.745139	-0.664022	465	0	316	4	1	0
0.0434153	0.760418	3.3215	6.88097	28.9281	-0.427781	0.365162	0.826837	469	0	317	4	1	1
0.0205851	0.746646	3.84371	5.56757	28.9382	0.626619	-0.76964	-0.12249	474	0	318	4	1	1
0.0466825	1.12595	3.55885	5.69612	29.7127	0.302162	-0.599364	0.741256	476	0	319	4	1	0
0.0474753	0.747624	3.3884	5.68194	29.9843	-0.303277	0.920327	0.247026	477	780	320	4	1	0
0.00878308	1.07762	3.16167	6.37	30.169	-0.551422	0.779114	0.298186	779	0	320	4	2	0
0.0466825	0.536129	3.57288	5.77454	29.7124	-1.62433	0.893284	0.20649	476	782	321	4	1	1
0.0187858	0.632266	3.07892	6.02573	29.8235	-0.407053	0.899244	-0.160211	781	0	321	4	2	0
0.0525106	0.449559	3.84544	5.9093	28.7895	-0.325973	0.40296	-2.16318	474	784	322	4	1	1
0.0522945	1.12289	3.71376	6.02255	28.3356	-0.537793	-0.371449	0.756838	783	785	322	4	2	0
0.0377462	0.395163	3.10987	5.60545	29.1855	-0.457777	-0.884216	-0.092745	784	0	322	4	3	0
0.0314871	0.784224	4.75758	8.59566	31.8601	0.992091	0.125524	-0.000169748	480	0	323	4	1	1
0.0405067	0.435352	4.82964	8.54673	31.9189	1.9216	0.570063	1.12189	480	788	324	4	1	1
0.0171098	1.02915	5.16798	8.67807	32.153	0.630929	-0.646809	0.428447	787	0	324	4	2	0
0.0326373	0.740971	5.15088	8.33806	32.1962	0.203711	-0.551235	0.8091	480	0	325	4	1	1
0.0425462	1.17518	5.17113	5.93431	29.6387	-0.398004	-0.883525	0.246933	484	0	326	4	1	1
0.0380342	0.429151	5.49504	5.80505	29.7106	-0.211096	0.886244	0.412324	485	0	327	4	1	1
0.0489741	0.468315	5.39648	5.12814	30.6655	-1.85217	-0.692981	0.805489	486	793	328	4	1	1
0.049495	1.52564	4.98203	5.04918	30.8302	0.922605	0.293329	0.250513	792	794	328	4	2	0
0.0373721	1.55411	6.38959	5.4967	31.2124	0.428102	0.784274	0.449047	793	0	328	4	3	0
0.0404322	1.29798	5.25252	3.51072	29.9864	0.158464	0.36586	0.91708	489	796	329	4	1	1
0.0130222	1.03652	5.4582	3.9856	31.1768	-0.781654	0.180636	0.596982	795	0	329	4	2	0
0.0483883	0.813963	5.60786	4.85099	30.4141	0.821364	0.374941	-0.429861	487	798	330	4	1	1
0.0125233	0.816239	6.27642	5.15617	30.0643	-0.0766808	0.75018	-0.656772	797	0	330	4	2	0
0.0447626	0.512505	5.69122	4.66681	30.1452	0.572025	1.79035	-0.524032	487	800	331	4	1	1
0.0437285	0.943541	5.84285	5.05225	29.9996	-0.399302	0.268595	-0.876593	799	801	331	4	2	0
0.0310707	1.06373	5.46609	5.30568	29.1725	0.0834971	0.535595	-0.840337	800	0	331	4	3	0
0.0415776	1.23675	5.51161	5.05436	30.6397	0.577697	-0.791078	0.201152	487	0	332	4	1	1
0.0416479	0.841259	5.5807	4.41702	30.0437	0.726057	-0.635976	0.261488	488	804	333	4	1	1
0.0426817	0.743622	6.1915	3.882	30.2637	-0.123047	-0.991767	-0.0354552	803	805	333	4	2	0
0.0423013	1.02731	6.1	3.1445	30.2373	-0.72422	0.258766	-0.639176	804	806	333	4	3	0
0.0386859	0.57326	5.356	3.41033	29.5807	-0.719024	-0.629224	-0.295096	805	807	333	4	4	0
0.0312348	0.886267	4.94381	3.04962	29.4115	0.768508	-0.246342	-0.590518	806	0	333	4	5	0
0.0726877	0.0738415	5.24149	2.79745	30.096	0.962759	-0.235725	0.132401	490	0	334	4	1	1
0.0242835	0.45056	5.23957	2.81243	30.088	-0.972048	0.20317	-0.117662	490	0	335	4	1	1
0.0246532	0.830955	5.27262	2.74735	30.1452	-0.346718	0.26744	0.899034	490	811	336	4	1	1
0.00918166	0.942002	4.98451	2.96958	30.8923	0.652492	0.738637	0.169322	810	0	336	4	2	0
0.0209571	1.87629	5.68601	8.86881	31.3653	-0.298816	0.549849	-0.779984	495	0	337	4	1	0
0.0441603	1.09665	6.27653	9.9902	31.8215	-0.747942	0.659426	0.0757633	495	0	338	4	1	0
0.056815	0.299181	6.23726	10.0501	31.8718	0.340206	-0.301004	0.890874	496	0	339	4	1	1
0.0441603	0.746143	5.9843	9.34753	31.5812	0.738857	-1.10851	0.146586	495	816	340	4	1	1
0.0444449	1.19221	6.20801	8.82536	31.6433	0.487861	0.794838	-0.360866	815	817	340	4	2	0
0.0360727	0.999676	6.78964	9.77298	31.2131	-0.831912	0.294619	-0.470236	816	0	340	4	3	0
0.0436611	0.737129	4.67806	7.54404	32.4115	0.709006	-0.0519186	0.703289	499	0	341	4	1	0
0.0373885	0.431788	4.7668	6.57239	32.9751	0.41005	0.865118	0.288841	500	0	342	4	1	1
0.00213861	0.560721	5.62252	9.12801	32.91	-0.576903	-0.654139	0.489168	502	0	343	4	1	1
0.0379082	1.1034	4.91199	9.17116	32.5634	0.867683	0.258521	-0.0406741	501	822	344	4	1	1
0.0181125	0.722929	5.9537	9.48612	32.5603	-0.185096	0.776411	0.602433	821	0	344	4	2	0
0.0260638	1.00391	4.9185	9.13079	32.5684	-0.917608	0.152106	-0.356479	501	824	345	4	1	1
0.0115916	1.48237	4.05097	9.28031	32.2356	0.369921	0.712618	-0.596099	823	0	345	4	2	0
0.0275229	1.10241	4.89213	10.1126	29.7385	0.412774	0.476557	0.776216	505	0	346	4	1	1
0.0215955	0.771098	4.97127	10.0184	29.4585	0.763424	-0.326072	0.557548	506	0	347	4	1	0
0.00196252	0.552431	4.18605	8.72557	32.4504	-0.567948	0.532003	-0.628019	509	0	348	4	1	1
0.024682	1.42546	4.07087	10.2802	32.7337	0.771741	0.118392	0.62482	515	0	349	4	1	1
0.0619307	0.549679	4.65864	10.4663	32.7882	-0.122461	0.512897	-0.84967	515	0	350	4	1	1
0.0291989	1.0233	3.80489	10.1771	32.6699	-0.277381	-0.959782	-0.0433362	515	0	351	4	1	1
0.0184646	1.44015	3.20956	10.3978	32.8848	0.54984	0.824743	0.132192	516	0	352	4	1	1
0.0300299	0.628832	3.48709	10.0951	32.6082	0.19288	-0.137912	-0.971482	515	833	353	4	1	1
0.00792236	0.945918	3.60838	10.0083	31.9973	0.1593	0.245482	-0.956223	832	0	353	4	2	0
0.0248946	0.585732	10.5359	6.11299	31.272	0.325671	0.0762448	-0.942404	518	0	354	4	1	1
0.0128262	0.823654	11.624	6.36746	31.4406	0.207772	-0.978068	0.0146183	524	0	355	4	1	1
0.0312906	0.806266	11.6279	6.37258	31.5659	-0.191262	-0.596018	-0.77986	524	0	356	4	1	1
0.0287002	0.660426	11.617	6.36993	31.6042	-0.223386	-0.804216	-0.550759	524	0	357	4	1	1
0.040162	0.663663	8.47655	3.70639	27.3659	0.521305	-0.448525	1.3407	533	839	358	4	1	1
0.0169521	0.737282	8.65729	3.52761	27.9652	0.0903918	-0.0582215	0.994203	838	0	358	4	2	0
0.0259361	0.319979	8.49843	3.69204	27.3464	-0.746614	-2.98512	0.546411	533	841	359	4	1	1
0.0100172	1.00978	8.4352	3.37852	27.3997	-0.17934	-0.81181	0.555699	840	0	359	4	2	0
0.0405014	0.737794	7.17927	3.19149	28.1147	-0.929463	-0.290214	-0.227758	536	0	360	4	1	1
0.0297635	1.40912	7.14018	3.18017	28.6105	-0.898864	0.340527	-0.275836	537	0	361	4	1	0
0.0376558	1.38366	7.11523	3.09725	28.5458	-0.591393	-0.40049	-0.110389	537	845	362	4	1	0
0.019597	0.747444	5.983	2.3305	28.3345	-0.474312	-0.622678	0.622334	844	0	362	4	2	0
0.0332073	0.737866	8.36598	3.94342	29.8594	-1.30448	0.343223	0.131394	540	847	363	4	1	1
0.0357667	0.701275	7.69745	4.09236	29.9461	0.43571	0.746027	0.503587	846	848	363	4	2	0
0.0335198	0.884742	8.003	4.61553	30.2993	0.796753	0.603636	0.0284375	847	849	363	4	3	0
0.0340054	0.750721	8.70792	5.1496	30.3244	0.47315	0.0161067	0.880835	848	850	363	4	4	0
0.0327112	1.0254	9.06312	5.16169	30.9857	0.650679	-0.754248	-0.0878988	849	851	363	4	5	0
0.0346368	0.575512	9.73033	4.38828	30.8956	-0.663483	-0.321841	-0.675432	850	852	363	4	6	0
0.0279851	0.908331	9.34849	4.20305	30.5068	0.987335	-0.155209	0.0328583	851	853	363	4	7	0
0.0219373	1.02996	10.2453	4.06207	30.5367	0.92018	-0.352591	-0.170143	852	0	363	4	8	0
0.0361577	0.526047	7.45113	3.12015	29.5026	1.25707	-1.38733	-0.329796	538	855	364	4	1	1
0.0362321	0.777729	7.82116	2.77269	29.306	0.0417531	-0.899832	-0.434235	854	856	364	4	2	0
0.0324735	0.583101	7.85363	2.07287	28.9683	-0.116916	-0.856572	0.502608	855	0	364	4	3	0
0.0373088	0.606065	7.24623	3.1665	28.9575	-0.261373	-0.678942	1.48094	537	858	365	4	1	1
0.0174051	0.96453	7.17353	2.85048	29.4788	0.451784	-0.282645	0.84617	857	0	365	4	2	0
0.0352929	0.425894	7.42992	3.06781	29.6602	-0.729252	-1.22635	1.86477	539	860	366	4	1	1
0.016558	1.57827	7.3496	2.9108	30.0124	-0.710626	0.687246	-0.150674	859	0	366	4	2	0
0.0329992	1.66435	8.25151	3.90072	29.7396	-0.715494	-0.0244719	0.69819	540	0	367	4	1	0
0.035349	0.94458	5.90434	3.81375	28.4438	0.73993	-0.0373872	0.671644	552	0	368	4	1	1
0.0184092	0.533018	7.0645	5.16359	29.9695	-0.940054	-0.27266	0.20483	555	0	369	4	1	1
0.044884	0.80952	7.27323	4.77599	29.602	-0.0407524	0.686518	0.72597	555	0	370	4	1	1
0.0378923	1.09798	6.37143	3.36456	27.3842	-0.744208	-0.541048	-0.39169	576	0	371	4	1	1
0.0333167	1.45985	4.22704	3.17735	26.6787	0.0953623	-0.65219	0.752033	580	0	372	4	1	1
0.0406705	1.81892	3.67289	3.14326	26.4862	0.78081	-0.515698	0.352693	580	868	373	4	1	1
0.012727	0.761822	5.09312	2.20525	27.1278	0.622939	-0.690932	0.366824	867	0	373	4	2	0
0.039822	1.0306	4.32741	3.1469	26.6814	0.0139545	-0.943309	-0.331622	579	0	374	4	1	1
0.0353776	1.1865	3.45634	3.11771	26.4065	0.354976	-0.861904	0.362096	580	0	375	4	1	1
0.0444394	1.91129	4.1897	3.22429	26.5901	-0.691242	0.661737	-0.290326	580	0	376	4	1	1
0.0429601	1.5434	4.37396	3.11509	26.7417	-0.524361	-0.693865	-0.493556	579	0	377	4	1	1
0.0423819	1.74586	4.203	3.2417	26.6145	-0.547597	0.648556	-0.52869	580	0	378	4	1	1
0.0509722	0.630064	6.07701	3.55517	27.2181	-1.01117	0.828631	0.899955	576	875	379	4	1	1
0.0535837	0.763233	5.67559	3.88412	27.5753	-0.562278	-0.825739	0.0447003	874	876	379	4	2	0
0.0494381	0.767536	5.24644	3.25389	27.6094	-0.239455	-0.557383	0.794975	875	877	379	4	3	0
0.028402	0.521571	5.06265	2.82608	28.2196	-0.706025	-0.595859	0.382728	876	0	379	4	4	0
0.0433055	0.619677	10.5392	7.03554	25.905	-0.37669	-0.108363	-0.919979	584	0	380	4	1	0
0.0358872	0.599047	11.0153	10.7482	23.9508	0.764454	0.0146948	0.644511	588	0	381	4	1	1
0.024527	0.575874	5.09304	11.1469	27.8367	0.507113	0.246669	-0.825827	601	0	382	4	1	1
0.062723	0.650902	7.10218	14.2981	26.7638	-0.942936	-0.288339	0.166531	608	882	383	4	1	1
0.045292	1.11812	6.48842	14.1104	26.8722	-0.483895	-0.854738	0.187798	881	883	383	4	2	0
0.0399062	0.793848	5.94737	13.1547	27.0821	-0.480993	-0.817082	-0.317841	882	0	383	4	3	0
0.0462024	0.357738	7.15116	14.2022	26.6773	0.0715955	-0.839136	-2.66546	608	885	385	4	1	1
0.0484219	0.983936	7.14126	14.0633	26.4147	-0.680436	-0.596676	-0.425423	884	886	385	4	2	0
0.0344528	1.16903	6.47175	13.4762	25.9961	-0.0683015	-0.128416	-0.989366	885	0	385	4	3	0
0.0444467	1.33355	8.47335	11.6747	26.72	0.573067	0.566974	0.591722	611	0	386	4	1	0
0.0331845	1.31062	7.66707	13.321	27.3048	0.772468	0.616275	0.153293	613	0	387	4	1	1
0.0023323	0.508534	7.84152	14.378	27.34	0.555191	0.432687	0.710313	614	0	388	4	1	1
0.0437749	2.21938	7.67826	13.377	27.3201	0.368957	0.926184	-0.0778023	613	0	389	4	1	1
0.0470889	2.2847	7.66021	13.0429	27.0355	-0.029636	0.997549	-0.063382	613	0	390	4	1	1
0.0604018	0.791406	8.54013	13.242	25.8271	0.929075	-0.348339	0.124416	615	893	391	4	1	1
0.0428952	0.848483	9.2754	12.9663	25.9256	0.856337	0.118469	0.502644	892	894	391	4	2	0
0.039637	0.733607	10.002	13.0668	26.352	0.158954	0.986277	-0.0446314	893	0	391	4	3	0
0.0478195	0.951424	8.3832	13.3263	26.0957	-0.589156	-0.513979	-0.623475	615	896	392	4	1	1
0.0140468	0.427976	7.82267	12.8373	25.5025	0.39931	-0.31152	-0.862268	895	0	392	4	2	0
0.0437217	0.423681	8.41094	13.3101	26.043	-1.8301	-0.659809	-1.33651	615	898	393	4	1	1
0.0460121	1.03503	8.17099	13.2555	25.8038	-0.780263	0.191812	-0.595313	897	899	393	4	2	0
0.0316388	0.961016	7.36339	13.4541	25.1877	-0.446065	-0.848928	-0.283455	898	0	393	4	3	0
0.0435747	1.53876	8.16085	13.4522	26.4993	0.0611272	-0.489217	-0.870017	615	0	394	4	1	1
0.0419653	0.4678	9.08971	13.5206	25.3921	-0.533258	-1.20829	-1.68086	616	902	395	4	1	1
0.0163115	0.789665	9.02632	13.198	25.2178	-0.327042	-0.937936	-0.115407	901	0	395	4	2	0
0.03787	0.619377	9.30273	14.2155	27.2123	0.561924	-0.162252	0.81112	620	0	396	4	1	1
0.0333432	1.02159	9.32915	8.19391	26.4928	0.745257	-0.212762	-0.631922	623	0	397	4	1	1
0.0143599	1.24141	10.0073	6.62596	30.4126	0.941916	-0.329155	0.0667231	628	0	398	4	1	1
0.0160386	1.17872	10.2209	6.65183	30.3951	0.926501	-0.319699	-0.198465	628	0	399	4	1	1
0.0142212	1.01963	10.9242	6.73108	30.332	0.0923326	0.352281	-0.931328	628	0	400	4	1	1
0.00851494	0.344372	10.2874	7.24346	31.8015	-0.591355	-0.316632	0.741649	630	0	401	4	1	1
0.0231833	0.822695	8.08625	12.2297	28.9888	0.484353	0.591842	0.644302	635	0	402	4	1	1
0.028836	0.670797	7.87001	11.5676	28.7925	-0.339716	-0.782994	-0.52107	637	0	403	4	1	0
0.0355758	0.482574	9.34892	12.8982	27.9113	-0.717578	-0.456399	0.526101	643	0	404	4	1	1
0.00213025	0.614979	7.50704	14.1224	29.588	0.982532	-0.0417662	0.181346	645	0	405	4	1	1
0.0330823	1.14009	6.6033	13.0601	30.131	0.988572	0.0656553	0.135704	654	0	406	4	1	1
0.0315378	1.02682	6.5094	13.237	30.1668	0.828209	0.559731	-0.0277708	654	0	407	4	1	1
0.0420665	0.571051	7.32803	13.1555	29.1553	0.0485031	1.73578	-0.226384	653	916	408	4	1	1
0.0197307	0.98665	7.35313	13.6991	29.0856	-0.877726	-0.475239	-0.0612	915	0	408	4	2	0
0.037158	0.563369	7.80134	10.1262	28.9802	-0.755113	0.0817021	1.60433	658	918	409	4	1	0
0.0137027	0.611915	7.54314	10.1342	29.4861	-0.367723	-0.232756	0.900336	917	0	409	4	2	0
0.0262896	1.27995	7.80332	10.1847	28.9225	0.0612581	0.533207	0.843764	658	0	410	4	1	1
0.00210486	0.883326	8.85105	11.9899	31.0227	-0.461472	0.45013	0.764478	672	0	411	4	1	1
0.0309776	0.910245	6.36435	11.5985	31.837	0.324829	-0.574489	0.751298	673	0	412	4	1	1
0.0375646	0.969194	5.80258	12.1403	31.7178	-0.891526	-0.165921	0.421487	677	0	413	4	1	0
0.0315196	0.644057	5.89984	12.6218	31.8784	0.450369	0.228183	0.863192	677	0	414	4	1	1
0.0216507	1.18758	5.83183	11.084	29.9106	-0.0449378	0.565151	0.823763	681	0	415	4	1	1
0.00235923	0.626208	8.8755	9.87207	32.1066	-0.189137	-0.570612	0.799143	684	0	416	4	1	1
0.0378867	0.78813	8.16043	7.48618	32.2343	-0.369164	0.507806	0.778365	688	0	417	4	1	0
0.044309	0.595422	8.14239	7.41628	32.1771	-0.805942	-0.291208	-0.515419	688	928	418	4	1	1
0.0485336	0.479081	7.66252	7.24289	31.8703	-0.92066	0.203676	-0.333017	927	929	418	4	2	0
0.0336	0.843856	7.22145	7.34047	31.7107	0.550643	-0.254599	-0.794966	928	0	418	4	3	0
0.00240869	0.603191	8.94857	6.83167	31.8482	-0.853732	0.0505877	-0.518249	692	0	419	4	1	1
0.0465681	0.909768	8.60608	7.63099	31.7794	0.323631	-1.0487	-0.0607402	691	932	420	4	1	1
0.0382579	0.572365	8.72192	6.7327	31.7878	-0.851895	-0.516198	-0.0883973	931	0	420	4	2	0
0.0465681	0.452936	8.59805	7.71001	31.7834	1.41664	0.929582	1.41544	691	934	421	4	1	1
0.0306719	0.700634	8.99415	7.83916	32.0889	0.599809	0.473271	0.64517	933	0	421	4	2	0
0.00952638	0.526062	9.94998	12.4617	30.295	0.14919	0.675883	0.721751	694	0	422	4	1	1
0.00185539	0.361361	9.3435	11.0573	31.6958	0.784506	0.558757	-0.268964	698	0	423	4	1	1
0.0257015	0.401337	10.131	10.6941	31.5857	0.373427	0.925211	-0.067349	699	0	424	4	1	1
0.0345892	0.776398	10.2676	11.6984	30.04	0.0781625	0.698578	-0.711252	702	0	425	4	1	1
0.0311887	0.59678	10.3348	11.7572	30.0679	0.242512	-0.723972	-0.645796	702	0	426	4	1	1
0.0215213	1.14809	9.97583	9.83128	31.4539	0.68889	-0.664244	-0.29019	705	0	427	4	1	0
0.0025	0.927193	10.4845	10.6305	30.468	0.988583	-0.0665431	0.135185	705	0	428	4	1	0
0.0215213	1.34097	10.3175	10.3679	30.792	0.933068	-0.322612	-0.159079	705	0	429	4	1	0
0.0782948	0.446123	10.6316	9.24241	27.1489	0.440865	0.527832	-0.72597	706	0	430	4	1	0
0.0569866	0.643584	12.2208	10.0849	30.5226	0.321424	0.0371313	-0.946207	716	0	431	4	1	1
0.00240904	1.1945	10.1889	12.4724	28.4019	0.582468	-0.711133	0.393726	722	0	432	4	1	1
0.0377913	1.34397	12.1267	12.3645	29.1948	0.668512	-0.743068	0.0307024	723	947	433	4	1	1
0.011455	0.758064	13.0252	11.3658	29.236	0.746138	-0.206391	0.632994	946	0	433	4	2	0
0.0323371	0.896291	11.9505	9.68437	28.0809	-0.297954	0.673792	-0.676186	729	0	434	4	1	1
0.0319445	0.74575	3.15026	7.27484	27.6452	-0.015956	-0.890694	0.454323	737	0	435	5	1	0
0.0385011	0.263396	2.29128	8.19339	27.9493	-0.522463	0.692115	-0.498005	739	0	436	5	1	0
0.00228524	1.37182	3.26602	6.40081	26.5756	0.656958	0.753446	0.0269069	744	0	437	5	1	1
0.0239148	0.53496	2.69362	9.95089	29.1699	0.380528	-0.854563	0.353442	753	0	438	5	1	1
0.0255643	0.580566	1.54852	10.6015	29.0539	-0.821133	-0.566077	-0.0727832	757	0	439	5	1	1
0.0313634	0.693931	3.84896	11.8199	31.2206	0.731791	-0.0654472	-0.67838	764	0	440	5	1	0
0.0313634	1.14091	4.08844	12.381	31.3261	-0.434817	-0.250024	0.865114	764	0	441	5	1	0
0.00197895	0.503892	5.03892	10.9418	32.1904	0.973989	-0.0795638	0.212168	766	0	442	5	1	1
0.0392762	0.666548	3.28401	5.72798	29.0189	-0.630005	0.736555	0.246132	784	0	443	5	1	1
0.0471368	0.608087	4.83951	5.19676	29.8009	-0.209339	-0.113395	-0.971246	790	0	444	5	1	0
0.0324244	1.10928	5.84992	5.31993	31.1163	0.255092	0.830597	-0.495012	793	0	445	5	1	1
0.0334188	1.8832	6.23926	5.43126	31.2182	-0.417826	-0.468827	0.778217	793	0	446	5	1	1
0.0488587	0.752494	6.52204	5.66142	31.315	0.651603	-0.725742	-0.22071	794	962	447	5	1	1
0.00975751	0.665237	7.01236	5.1153	31.1489	0.76574	0.62666	0.144704	961	0	447	5	2	0
0.0389846	0.764956	6.47947	5.58554	31.2634	0.378934	-0.0472104	-1.25025	794	964	448	5	1	1
0.0241292	0.469348	6.7012	5.55791	30.5318	-0.939243	0.290843	0.182299	963	0	448	5	2	0
0.0327056	0.993231	6.60379	5.81111	31.402	0.364565	-0.129804	-0.922087	794	0	449	5	1	1
0.0388731	0.988506	6.53009	5.67612	31.3264	-0.232264	0.971348	-0.0503646	794	967	450	5	1	1
0.0410043	0.863236	6.3005	6.63631	31.2766	-0.893354	-0.035194	-0.447974	966	968	450	5	2	0
0.0346512	1.16881	5.52933	6.60592	30.8899	0.280467	-0.0322445	-0.959322	967	969	450	5	3	0
0.0244134	0.983181	5.85714	6.56824	29.7687	0.45198	-0.153877	-0.878656	968	0	450	5	4	0
0.0355899	1.01371	6.55181	5.71662	31.3542	0.247196	-0.90503	0.346141	794	0	451	5	1	1
0.046953	0.700691	6.67846	5.94842	31.486	-0.405015	0.412624	0.815907	794	0	452	5	1	1
0.0384875	1.10717	5.20334	5.10149	30.7688	0.0745224	0.718412	0.691615	792	973	453	5	1	1
0.0145503	1.17571	5.28585	5.8969	31.5346	0.0697575	0.148845	0.986397	972	0	453	5	2	0
0.0388117	0.363495	5.41388	3.84409	30.744	-0.657176	-0.509186	-0.555743	795	0	454	5	1	1
0.0389657	1.20468	5.35648	3.6688	30.3551	-0.70787	0.201093	0.677113	795	0	455	5	1	1
0.0359295	0.825485	6.147	5.0543	30.1723	0.820927	-0.169964	0.545153	797	0	456	5	1	1
0.0260898	0.689235	5.50481	3.31362	29.7377	0.305954	-0.947171	-0.0962288	805	0	457	5	1	1
0.0351905	1.01635	5.30348	3.39388	29.532	0.234819	0.662912	-0.71092	806	0	458	5	1	0
0.0185445	0.313485	6.32187	9.90019	32.209	-0.0368362	-0.407972	0.912251	814	0	459	5	1	1
0.0309376	0.631824	4.78604	9.14549	32.5442	-0.239122	0.521911	0.818798	823	0	460	5	1	1
0.0120726	0.698758	11.6868	6.13179	31.4412	0.918063	-0.395639	-0.0251125	835	0	461	5	1	1
0.0053371	0.651912	11.7219	5.96757	31.4444	0.505428	-0.146658	-0.850314	835	0	462	5	1	1
0.035773	0.655192	6.20464	2.52303	28.3658	-0.712508	0.543935	-0.443246	844	0	463	5	1	0
0.031766	1.09865	8.16663	4.00374	29.8472	-0.911051	0.403623	0.0841076	846	985	464	5	1	1
0.00921108	0.722782	7.1657	4.44718	29.9396	-0.994794	0.0765951	-0.0672194	984	0	464	5	2	0
0.0291259	1.04332	8.98146	5.13168	30.875	-0.744934	0.546062	-0.383262	849	0	465	5	1	1
0.031547	0.199591	8.80409	5.12087	30.477	2.30447	-3.41076	-2.85637	849	988	466	5	1	1
0.0335357	0.858456	8.91805	4.91001	30.3785	0.511238	-0.250882	-0.822006	987	989	466	5	2	0
0.0389732	0.518712	9.35693	4.69464	29.6729	-0.0805759	-0.901032	0.426203	988	990	466	5	3	0
0.025213	0.759993	9.31513	4.22727	29.8939	0.119892	-0.986764	0.109189	989	0	466	5	4	0
0.031547	0.646465	8.41415	4.96896	30.3173	-0.25147	0.145063	1.51939	848	992	467	5	1	1
0.0101337	1.23595	8.35732	5.05258	30.9519	-0.466466	-0.840429	0.275841	991	0	467	5	2	0
0.0244071	0.507612	9.75451	4.11349	30.5088	0.107316	-1.20706	-1.5532	852	994	468	5	1	1
0.00984333	1.0959	9.81441	3.85002	30.1683	0.171238	-0.909288	0.379306	993	0	468	5	2	0
0.0244071	0.357678	9.77156	4.10962	30.5123	-0.175349	-2.7225	-0.611422	852	996	469	5	1	1
0.0120486	0.921191	9.74012	3.74342	30.4075	-0.416858	-0.810244	0.411987	995	0	469	5	2	0
0.0335282	0.745008	7.3889	3.06207	29.7174	-0.784974	0.695693	0.837561	859	998	470	5	1	1
0.0140504	0.517627	6.97364	3.46676	30.2245	-0.107316	0.412717	0.904515	997	0	470	5	2	0
0.00205407	0.722516	6.25954	3.94344	29.7777	-0.317763	-0.921643	-0.222713	860	0	471	5	1	1
0.0152551	0.588886	7.17156	3.88067	30.7533	0.0495057	-0.8462	-0.530561	861	0	472	5	1	1
0.0105633	0.657458	7.0637	3.87359	30.8562	-0.62767	-0.778285	0.0173829	861	0	473	5	1	1
0.0175374	0.501223	6.54651	3.74948	29.049	0.288368	-0.953304	-0.0897517	862	0	474	5	1	1
0.0119418	0.809482	5.30107	1.96856	27.2649	-0.669092	-0.646044	0.367345	868	0	475	5	1	1
0.0225678	0.349119	4.36982	2.39169	26.3896	1.33403	-2.15005	1.34244	869	1005	476	5	1	1
0.0115759	0.525547	4.53241	2.12963	26.5532	-0.396088	-0.828774	0.395282	1004	0	476	5	2	0
0.0438252	0.811938	5.21197	3.16813	27.8119	0.0472539	1.15212	0.432751	876	1007	477	5	1	1
0.0607377	0.344907	5.24313	3.92766	28.0972	-0.748606	0.546808	0.374953	1006	1008	477	5	2	0
0.0337752	0.462566	4.98493	4.11626	28.2266	-0.702027	-0.688799	0.180871	1007	0	477	5	3	0
0.0367215	0.92057	6.94435	14.2491	26.8553	0.467043	-0.517985	0.716633	881	0	478	5	1	1
0.0438922	0.521447	7.18835	14.0459	26.4039	1.72125	-0.724117	-0.436678	885	1011	479	5	1	1
0.0514832	0.592921	7.69763	13.8154	26.2881	0.340297	-0.22902	-0.912002	1010	1012	479	5	2	0
0.0363342	0.852964	7.8994	13.6796	25.7474	0.84719	-0.224226	0.481655	1011	0	479	5	3	0
0.0484337	0.379435	7.11452	14.0918	26.3213	-0.166481	0.73684	-0.655249	884	1014	480	5	1	1
0.0120862	0.961562	7.05136	14.3714	26.0726	0.825116	0.457467	0.331523	1013	0	480	5	2	0
0.0393074	0.678995	6.54281	13.4743	26.0165	-0.38148	0.838093	-0.389966	885	0	481	5	1	1
0.0429499	0.862023	6.62905	13.5523	26.0605	0.353295	0.00920568	-1.10492	885	1017	482	5	1	1
0.0497123	0.71267	6.91773	13.5963	25.2083	0.551119	0.658231	0.512835	1016	1018	482	5	2	0
0.0305976	0.620361	7.3105	14.0654	25.5738	0.331793	0.911786	0.241993	1017	0	482	5	3	0
0.02569	1.85352	10.0903	13.387	26.3534	-0.435263	-0.881921	-0.181003	894	0	483	5	1	1
0.0144768	0.679758	7.86963	12.8074	25.3824	-0.890459	0.454922	0.0113645	896	0	484	5	1	1
0.0231281	0.24982	10.9642	6.89106	29.8717	-0.31865	0.94328	-0.0931935	907	0	485	5	1	1
0.0287305	0.54147	6.53479	13.0536	30.1549	0.542889	-0.729798	0.415532	913	0	486	5	1	1
0.0364525	0.696931	6.99835	13.0532	30.1861	-0.197983	-0.535717	0.820859	913	0	487	5	1	1
0.0122766	0.675661	7.71979	13.1665	30.2923	-0.219191	0.96701	-0.129793	913	0	488	5	1	1
0.0225178	0.736054	8.79148	7.65416	31.827	-0.994446	-0.0996927	-0.033729	934	0	489	5	1	1
0.00208439	1.04727	8.61854	7.51788	31.641	0.957517	0.0384706	-0.2858	934	0	490	5	1	1
0.0204452	0.656165	10.8192	9.53753	30.6353	-0.426712	-0.578635	-0.695053	942	0	491	5	1	0
0.0149885	0.660473	2.89422	6.17102	29.1291	-0.553599	-0.267131	-0.788777	957	0	492	6	1	1
0.0355923	0.871363	3.32017	5.74558	29.0217	-0.514367	-0.223289	-0.82799	957	0	493	6	1	1
0.0181105	0.68626	6.04163	6.04182	30.7085	0.17158	0.154505	-0.972979	959	0	494	6	1	1
0.0330193	1.05103	6.21144	6.6121	31.192	0.689375	0.514382	-0.510072	967	0	495	6	1	0
0.0160767	0.893131	6.04124	6.52317	29.4586	0.736934	0.418294	0.530998	969	0	496	6	1	1
0.00697979	0.775562	6.30446	6.40993	28.9452	0.681074	-0.0950474	0.72602	969	0	497	6	1	1
0.0153577	0.602918	11.7906	6.09872	31.4328	0.840539	0.419245	-0.343114	981	0	498	6	1	1
0.0113346	0.0243537	5.87303	3.20244	27.9056	0.0386992	0.744216	-0.666817	983	0	499	6	1	0
0.0284625	0.603552	9.3675	4.65147	29.6526	0.166158	0.495194	-0.852745	989	0	500	6	1	1
0.0285322	1.54395	9.35891	4.58467	29.6833	-0.107324	-0.88688	0.449361	989	0	501	6	1	1
0.0025	0.430638	8.2293	4.80106	31.0333	0.950735	-1.9774	-0.760449	992	1039	502	6	1	1
0.00155085	0.733963	8.38467	4.43913	30.9095	-0.874863	0.34235	-0.342654	1038	0	502	6	2	0
0.0154163	0.874447	8.23532	4.81199	31.0303	0.537253	-0.32707	0.777422	992	0	503	6	1	1
0.0325957	0.461463	4.8931	4.06864	28.2599	-0.456198	0.889836	0.00873808	1008	0	504	6	1	0
0.0237007	0.456239	7.15315	13.9691	27.2373	-0.815356	-0.326632	0.478024	1009	0	505	6	1	1
0.0267638	0.623335	7.04131	14.2222	26.1666	0.105207	0.994105	0.026225	1013	0	506	6	1	1
0.00184067	1.05157	9.24029	7.54166	31.4536	0.338061	-0.940625	-0.0306405	1026	0	507	6	1	1
0.0194229	0.301894	10.9426	9.39588	30.4452	0.971375	-0.122171	0.203729	1027	0	508	6	1	0
