0.308826	1.70022	7.84487	8.33149	-0.0581399	-0.068903	0.0852916	0.577849	0	2	1	0	1	0
0.262403	2.284	7.56758	8.66532	1.6056	-0.0347178	0.0232694	0.999126	1	3	1	0	2	0
0.24502	2.19648	7.48829	8.71847	3.88761	-0.0181903	0.00847871	0.999799	2	4	1	0	3	0
0.228946	2.14184	7.44833	8.73709	6.08365	-0.0204281	0.0221432	0.999546	3	5	1	0	4	0
0.220482	1.97028	7.40458	8.78452	8.22452	-0.0120526	0.0105635	0.999872	4	6	1	0	5	0
0.212535	1.97481	7.38083	8.80533	10.1945	-0.00975015	0.0090277	0.999912	5	7	1	0	6	0
0.206636	1.91623	7.36158	8.82316	12.1692	-0.00696209	0.0155745	0.999854	6	8	1	0	7	0
0.200937	2.05434	7.34823	8.853	14.0851	-0.0174692	0.00418497	0.999839	7	9	1	0	8	0
0.203561	2.05791	7.31235	8.8616	16.1391	-0.0252765	0.0238767	0.999395	8	10	1	0	9	0
0.16531	1.44091	7.26033	8.91074	18.1958	-0.0473288	0.0831527	0.995412	9	11	1	0	10	0
0.160878	1.1491	7.19213	9.03055	19.6301	0.021943	-0.027357	0.999385	10	12	1	0	11	0
0.182263	1.97425	7.21735	8.99912	20.7785	0.0655002	0.114029	0.991316	11	13	1	0	12	0
0.169683	2.0518	7.34666	9.22424	22.7356	0.206833	0.0129028	0.978291	12	14	1	0	13	0
0.094997	0.962764	7.77104	9.25071	24.7429	0.171212	0.0987884	0.980269	13	15	1	0	14	0
0.0890981	0.929086	7.93588	9.34582	25.6866	0.180274	0.1729	0.968301	14	16	1	0	15	0
0.0806059	0.944389	8.10337	9.50646	26.5863	0.120767	0.301418	0.945813	15	17	1	0	16	0
0.0935882	0.829484	8.21742	9.79112	27.4795	-0.215783	0.163158	0.962713	16	18	1	0	17	0
0.0753605	0.887639	8.03843	9.92645	28.278	-0.149175	0.00309855	0.988806	17	19	1	0	18	0
0.0861305	1.08184	7.90602	9.9292	29.1557	0.212172	-0.67902	0.702791	18	20	1	0	19	0
0.0624627	1.10627	8.13556	9.19461	29.9161	-0.115954	-0.421843	0.899224	19	21	1	0	20	0
0.0649939	1.43569	8.00728	8.72794	30.9108	-0.301874	0.326612	0.895654	20	0	1	0	21	0
0.143323	1.36984	7.05861	8.95445	18.2884	-0.625184	0.122125	0.770863	9	23	2	1	1	0
0.129033	0.742654	6.20221	9.12174	19.3444	-0.3565	0.102169	0.928692	22	24	2	1	2	0
0.128448	0.667252	5.93746	9.19762	20.0341	-0.442622	0.0924372	0.891931	23	25	2	1	3	0
0.109613	0.806304	5.64211	9.2593	20.6292	-0.276647	0.0317633	0.960447	24	26	2	1	4	0
0.119265	0.909193	5.41905	9.28491	21.4036	-0.172244	0.124141	0.977201	25	27	2	1	5	0
0.127401	0.768782	5.26245	9.39778	22.2921	-0.402194	0.0108978	0.915489	26	28	2	1	6	0
0.0927295	0.668927	4.95325	9.40616	22.9959	-0.168062	-0.490376	0.855153	27	29	2	1	7	0
0.101375	0.76041	4.84083	9.07813	23.5679	-0.194981	0.0897626	0.976691	28	30	2	1	8	0
0.0840962	0.907906	4.69256	9.14639	24.3106	0.0881515	0.0986535	0.99121	29	31	2	1	9	0
0.0862668	0.675558	4.7726	9.23596	25.2105	-0.053133	0.0615085	0.996691	30	32	2	1	10	0
0.0750776	0.547871	4.7367	9.27751	25.8839	-0.192667	-0.391895	0.899609	31	33	2	1	11	0
0.0852263	0.882886	4.63115	9.0628	26.3767	-0.0476532	-0.341072	0.938829	32	34	2	1	12	0
0.0778098	0.754031	4.58907	8.76167	27.2056	-0.27409	-0.118924	0.954323	33	35	2	1	13	0
0.0630026	0.986537	4.3824	8.672	27.9252	-0.2737	-0.491665	0.826652	34	36	2	1	14	0
0.0640908	0.998327	4.11238	8.18695	28.7407	-0.411949	0.0168243	0.911051	35	37	2	1	15	0
0.0531912	0.802076	3.70112	8.20375	29.6502	-0.700906	0.138842	0.699609	36	38	2	1	16	0
0.0467356	0.73942	3.13894	8.31511	30.2114	-0.277273	0.284402	0.917734	37	39	2	1	17	0
0.030867	0.689328	2.93392	8.5254	30.89	-0.151158	0.548278	0.822522	38	0	2	1	18	0
0.0840876	1.19616	7.22608	8.93113	21.7166	0.34937	-0.786192	0.509747	12	41	3	1	1	1
0.0780893	0.582139	7.64398	7.99072	22.3264	0.374322	-0.660261	0.651105	40	42	3	1	2	0
0.0603173	0.484322	7.86189	7.60636	22.7054	0.335726	-0.472568	0.814842	41	43	3	1	3	0
0.0687242	0.62565	8.02449	7.37749	23.1	0.419492	-0.35718	0.834535	42	44	3	1	4	0
0.0634329	0.668794	8.28694	7.15402	23.6222	0.396386	-0.387261	0.83241	43	45	3	1	5	0
0.0646849	0.400528	8.55204	6.89502	24.1789	0.132772	-0.720496	0.68063	44	46	3	1	6	0
0.0581898	0.417437	8.60522	6.60644	24.4515	0.156415	-0.661932	0.733063	45	47	3	1	7	0
0.0563561	0.321895	8.67051	6.33012	24.7575	0.0746893	-0.72664	0.682946	46	48	3	1	8	0
0.0557817	0.474365	8.69456	6.09622	24.9773	0.13695	-0.687914	0.712755	47	49	3	1	9	0
0.0544436	0.554704	8.75952	5.7699	25.3154	0.122049	-0.664324	0.737413	48	50	3	1	10	0
0.0700417	0.843784	8.82722	5.4014	25.7245	-0.027181	-0.830405	0.556496	49	51	3	1	11	0
0.0667305	0.873028	8.80429	4.70071	26.194	-0.0444531	-0.600772	0.798183	50	52	3	1	12	0
0.0542532	0.639963	8.76548	4.17622	26.8909	-0.284776	-0.63921	0.714362	51	53	3	1	13	0
0.0583056	0.727417	8.58323	3.76715	27.348	0.117526	-0.35441	0.927675	52	54	3	1	14	0
0.0547797	0.683189	8.66872	3.50935	28.0229	0.0105196	-0.164154	0.986379	53	55	3	1	15	0
0.0510657	0.741636	8.67591	3.3972	28.6967	-0.225347	-0.194197	0.954728	54	56	3	1	16	0
0.0423489	0.925415	8.50878	3.25318	29.4048	0.666298	-0.470873	0.578209	55	57	3	1	17	0
0.0347564	0.909604	9.12538	2.81742	29.9399	-0.830913	-0.298538	0.46953	56	0	3	1	18	0
0.0502965	0.960251	7.40251	9.38889	22.6593	0.20459	0.762576	0.613695	12	0	4	1	1	0
0.0672921	0.81512	7.70504	9.20901	23.6211	0.735653	0.0204869	0.677049	13	60	5	1	1	0
0.0670022	0.497102	8.30468	9.22571	24.173	0.771663	0.164092	0.6145	59	61	5	1	2	0
0.0664617	0.368983	8.68828	9.30728	24.4784	0.74243	0.236688	0.62672	60	62	5	1	3	0
0.0833959	0.548936	8.96222	9.39461	24.7097	0.984352	0.0176216	0.17533	61	63	5	1	4	0
0.112379	0.708997	9.50257	9.40428	24.8059	0.730086	0.254624	0.634146	62	64	5	1	5	0
0.0983781	0.846109	10.0202	9.58481	25.2555	0.833082	0.234214	0.501117	63	65	5	1	6	0
0.082269	1.04011	10.7251	9.78298	25.6795	0.101497	0.91393	0.392977	64	66	5	1	7	0
0.0797612	1.03541	10.8306	10.7336	26.0883	0.0432476	-0.128114	0.990816	65	67	5	1	8	0
0.0614837	1.23063	10.8754	10.6009	27.1142	0.180718	0.306727	0.934484	66	68	5	1	9	0
0.0599654	0.843128	11.0978	10.9784	28.2642	0.62747	0.344343	0.698362	67	0	5	1	10	0
0.112044	1.1172	7.275	9.1426	23.1036	0.315993	-0.411049	0.729643	13	70	6	1	1	1
0.0454769	1.09643	7.61775	8.7542	23.954	-0.235824	-0.404057	-0.883813	69	0	6	1	2	0
0.0505212	0.878859	8.28047	9.79257	27.6178	0.327228	0.704479	0.629787	17	72	7	1	1	0
0.0500816	0.628579	8.56806	10.4117	28.1713	0.659033	0.370428	0.654568	71	73	7	1	2	0
0.0433829	0.580347	8.98231	10.6445	28.5827	0.45574	0.498686	0.737302	72	74	7	1	3	0
0.0397087	0.969264	9.2468	10.934	29.0106	0.24082	0.623947	0.743435	73	75	7	1	4	0
0.0470857	0.83987	9.48022	11.5387	29.7312	0.487314	0.52064	0.701041	74	76	7	1	5	0
0.0422057	0.682405	9.8895	11.976	30.32	0.158997	-0.35939	0.919543	75	77	7	1	6	0
0.0361551	0.824742	9.998	11.7308	30.9475	0.286956	0.469631	0.834927	76	0	7	1	7	0
0.0407967	0.989085	7.81736	9.16789	24.7602	0.566335	-0.766225	0.303586	14	0	8	1	1	1
0.0570721	0.964723	7.85829	9.23104	25.4388	0.385785	-0.50891	0.816487	14	80	9	1	1	0
0.0642092	0.584081	8.22421	8.77623	26.2047	0.247511	-0.401819	0.881635	79	81	9	1	2	0
0.0688923	0.881104	8.36878	8.54153	26.7197	0.42588	-0.428876	0.796676	80	82	9	1	3	0
0.0513927	0.567105	8.74403	8.16365	27.4216	0.327919	-0.531174	0.781232	81	83	9	1	4	0
0.0521314	0.61416	8.92999	7.86242	27.8647	0.336775	-0.576712	0.744303	82	84	9	1	5	0
0.0568487	0.693958	9.13682	7.50822	28.3218	0.219893	-0.510689	0.83117	83	85	9	1	6	0
0.0554447	0.549221	9.28942	7.15383	28.8986	-0.396512	-0.309158	0.864407	84	86	9	1	7	0
0.055586	0.637363	9.07165	6.98403	29.3733	-0.298806	-0.611314	0.732809	85	87	9	1	8	0
0.0560607	0.81823	8.8812	6.5944	29.8404	0.0098441	-0.568405	0.82269	86	88	9	1	9	0
0.0572333	0.730807	8.88925	6.12931	30.5135	-0.392861	-0.288977	0.873013	87	89	9	1	10	0
0.0396764	1.31001	8.60215	5.91813	31.1516	0.293978	-0.469679	0.832453	88	0	9	1	11	0
0.0762718	2.48783	8.20733	9.58107	27.0302	0.94557	0.244511	0.214738	16	91	10	1	1	0
0.0236606	0.951894	10.5597	10.1894	27.5644	0.924537	-0.370442	-0.0894678	90	0	10	1	2	0
0.0563083	1.30426	8.03177	9.43517	26.5316	0.190372	-0.212031	0.711799	16	93	11	1	1	0
0.0459264	0.620617	8.35881	9.06234	27.7413	0.104139	-0.275	0.955788	92	94	11	1	2	0
0.0558026	0.63416	8.42344	8.89167	28.3344	0.0534961	-0.5064	0.860638	93	95	11	1	3	0
0.0480327	0.396984	8.45736	8.57054	28.8802	-0.372748	-0.671997	0.639905	94	96	11	1	4	0
0.0402792	0.809095	8.30939	8.30376	29.1342	0.387405	-0.200344	0.899878	95	97	11	1	5	0
0.0384468	1.09366	8.62283	8.14167	29.8623	0.0354755	-0.23228	0.972002	96	0	11	1	6	0
0.0535959	0.976762	7.76953	8.93872	31.6753	-0.111798	-0.71893	-0.686033	21	0	12	1	1	0
0.033323	0.829765	8.20543	9.7959	27.8695	0.919599	0.0519358	0.777207	17	100	13	1	1	0
0.0246593	0.900434	8.8512	9.85628	28.3778	0.72354	0.351675	0.593982	99	101	13	1	2	0
0.0324342	0.986199	9.5027	10.1729	28.9127	0.532899	0.582695	0.613584	100	102	13	1	3	0
0.0309821	1.62003	10.0282	10.7476	29.5178	0.236623	0.263258	0.935257	101	0	13	1	4	0
0.0787471	0.731485	8.1377	9.96744	28.1353	-0.356343	0.912768	0.199684	17	0	14	1	1	0
0.0616344	0.971403	7.91599	9.99981	28.9264	-0.46907	0.120728	0.908374	18	105	15	1	1	0
0.0446008	0.341827	7.48	10.1071	29.783	-0.430337	-0.227533	0.873521	104	106	15	1	2	0
0.0451561	0.768866	7.3329	10.0293	30.0816	0.0753861	-0.143452	0.986782	105	0	15	1	3	0
0.0658372	0.644634	7.94504	9.99965	28.7421	0.0669244	0.362734	0.929487	18	0	16	1	1	0
0.0773403	3.89339	8.08804	9.47921	29.5261	0.733425	-0.677917	0.0501701	19	0	17	1	1	1
0.0535959	0.407667	7.55295	9.1304	32.1806	-1.33756	-1.81847	0.959807	21	110	18	1	1	1
0.0530981	2.16501	7.39101	8.8852	32.4413	0.209392	0.819469	-0.533502	109	111	18	1	2	0
0.0411839	0.86224	7.84435	10.6594	31.2863	0.622035	0.721221	-0.304816	110	0	18	1	3	0
0.0535959	0.798678	7.5919	9.08242	31.9838	-1.03076	0.350533	-0.618342	21	113	19	1	1	1
0.0549222	0.780539	6.94141	9.29481	31.6039	-0.824959	-0.509087	-0.245504	112	114	19	1	2	0
0.0410885	1.37421	6.2975	8.89745	31.4123	-0.197697	0.622246	-0.757447	113	0	19	1	3	0
0.0580249	1.41141	7.66687	9.00216	31.8089	-0.741364	-0.671072	0.00644757	21	116	20	1	1	1
0.0555158	0.779601	6.6205	8.055	31.818	-0.820378	-0.551941	-0.149471	115	117	20	1	2	0
0.0607209	0.810183	5.98093	7.62471	31.7015	-0.546707	-0.827228	0.129633	116	118	20	1	3	0
0.0505753	0.915159	5.538	6.9545	31.8065	-0.695289	0.713008	-0.0905114	117	119	20	1	4	0
0.0443193	0.899846	4.9017	7.60702	31.7237	0.0268739	0.00501507	0.999626	118	120	20	1	5	0
0.0404959	0.730111	4.92588	7.61153	32.6232	-0.459587	-0.690118	0.559032	119	0	20	1	6	0
0.141676	0.668759	7.45211	9.23205	24.0535	-1.3128	-0.410282	0.586648	13	122	21	1	1	1
0.136301	1.62276	6.65449	9.2265	24.2828	0.308831	0.362724	0.879235	121	123	21	1	2	0
0.106945	0.724141	7.15565	9.81512	25.7096	-0.220206	0.125162	0.96739	122	124	21	1	3	0
0.136065	1.48148	6.99619	9.90575	26.4101	-0.461895	0.449162	0.764792	123	125	21	1	4	0
0.107848	1.17716	6.3119	10.5712	27.5431	0.126921	0.439699	0.889132	124	126	21	1	5	0
0.0750027	0.568083	6.46131	11.0888	28.5898	0.124567	-0.00518737	0.992198	125	127	21	1	6	0
0.0649265	0.872718	6.53207	11.0858	29.1534	0.0240457	-0.205725	0.978314	126	128	21	1	7	0
0.0857097	0.728282	6.55306	10.9063	30.0072	-0.982196	0.164242	-0.0911925	127	129	21	1	8	0
0.0555859	0.759567	5.83774	11.0259	29.9408	0.421247	0.500648	0.756243	128	130	21	1	9	0
0.0357211	1.39601	6.15771	11.4062	30.5152	-0.0179846	0.646291	0.762879	129	0	21	1	10	0
0.0604893	0.98313	4.60902	8.68901	27.3136	0.0449589	-0.6953	0.717312	34	132	22	2	1	1
0.0455703	0.762998	4.65322	8.00544	28.0188	-0.341899	-0.755719	0.558565	131	133	22	2	2	0
0.0528087	0.559845	4.39235	7.42883	28.445	0.118787	-0.556879	0.822056	132	134	22	2	3	0
0.0597894	0.692798	4.45885	7.11706	28.9052	-0.10178	-0.203046	0.973865	133	135	22	2	4	0
0.0584962	1.03163	4.38834	6.9764	29.5799	0.0627731	0.998028	0.000717359	134	136	22	2	5	0
0.0528682	0.986715	4.4531	8.00599	29.5807	0.258646	-0.301585	0.917687	135	137	22	2	6	0
0.0582573	0.62031	4.70831	7.70841	30.4862	0.360611	0.744121	0.562356	136	138	22	2	7	0
0.0550107	0.670979	4.932	8.17	30.835	0.13032	0.635794	0.760778	137	139	22	2	8	0
0.0528847	0.822348	5.01944	8.5966	31.3455	-0.170095	0.943687	0.283764	138	140	22	2	9	0
0.0496325	0.834477	4.87957	9.37264	31.5788	-0.791302	0.139833	0.595221	139	141	22	2	10	0
0.0628265	0.499585	4.21924	9.48933	32.0755	0.370981	0.68243	0.629811	140	142	22	2	11	0
0.0426913	0.852051	4.40458	9.83026	32.3902	0.799513	0.465856	0.379155	141	143	22	2	12	0
0.0331974	1.78885	5.0858	10.2272	32.7132	-0.682716	0.186754	0.706415	142	0	22	2	13	0
0.0420015	0.708308	4.78743	9.00402	23.8681	-0.209984	-1.32188	0.449188	29	145	23	2	1	0
0.0420722	0.610343	4.75569	8.27808	24.0899	-0.467602	-0.669274	0.577426	144	146	23	2	2	0
0.0418415	0.185088	4.47029	7.86959	24.4423	-0.0453863	-0.865944	0.498077	145	147	23	2	3	0
0.0417647	0.648176	4.46189	7.70932	24.5345	-0.369901	-0.892922	0.25664	146	148	23	2	4	0
0.039459	0.61317	4.22213	7.13055	24.7009	-0.364687	-0.679604	0.636508	147	149	23	2	5	0
0.035019	0.64033	3.99851	6.71384	25.0912	0.857767	-0.461037	0.227334	148	150	23	2	6	0
0.0552345	1.1897	4.54777	6.41862	25.2367	0.812504	0.349425	0.466626	149	151	23	2	7	0
0.0671021	0.55163	5.5144	6.83433	25.7919	0.718035	0.664012	0.208601	150	152	23	2	8	0
0.0685147	0.912659	5.91049	7.20062	25.9069	0.113768	-0.638289	0.761344	151	153	23	2	9	0
0.0487	0.771917	6.01432	6.61808	26.6018	-0.263538	-0.474797	0.839712	152	154	23	2	10	0
0.0349114	1.14143	5.81089	6.25157	27.25	-0.134478	-0.750606	0.64692	153	155	23	2	11	0
0.0329795	0.729923	5.6574	5.39481	27.9884	-0.389367	-0.681396	0.619753	154	156	23	2	12	0
0.032644	0.405317	5.37319	4.89744	28.4408	-0.103263	-0.572865	0.813119	155	157	23	2	13	0
0.0410591	0.837492	5.33133	4.66525	28.7703	-0.34624	-0.147595	0.926463	156	158	23	2	14	0
0.0396498	0.781055	5.04136	4.54164	29.5462	-0.0952045	-0.8023	0.589281	157	159	23	2	15	0
0.0347011	1.09136	4.967	3.915	30.0065	0.232279	-0.950648	0.205707	158	160	23	2	16	0
0.0320502	0.863157	5.2205	2.8775	30.231	-0.344254	0.397397	0.850626	159	0	23	2	17	0
0.0587659	0.560341	4.75264	9.15796	25.2456	-0.329778	-1.48736	0.929467	30	162	24	2	1	0
0.071718	0.679459	4.64921	8.6308	25.5501	-0.66082	0.133776	0.738527	161	163	24	2	2	0
0.0806358	0.813322	4.20021	8.7217	26.0519	-0.910886	-0.0725783	0.406226	162	164	24	2	3	0
0.0777026	0.895336	3.45936	8.66267	26.3823	-0.925538	-0.29858	-0.232873	163	165	24	2	4	0
0.069493	0.985682	2.6307	8.39534	26.1738	0.235845	0.611671	0.75514	164	166	24	2	5	0
0.0756259	0.605735	2.86316	8.99825	26.9182	0.173155	0.213954	0.961375	165	167	24	2	6	0
0.0710042	0.685644	2.96805	9.12785	27.5005	0.0177206	0.946678	0.321694	166	168	24	2	7	0
0.0654192	0.749795	2.9802	9.77693	27.7211	-0.484399	0.861123	0.154352	167	169	24	2	8	0
0.0609248	0.636912	2.617	10.4226	27.8368	0.330658	0.895362	0.298315	168	170	24	2	9	0
0.0563014	0.963441	2.8276	10.9929	28.0268	-0.927207	0.350002	0.133366	169	171	24	2	10	0
0.056096	0.815273	1.93429	11.3301	28.1553	0.347117	0.459704	0.817424	170	172	24	2	11	0
0.0441475	0.669111	2.21729	11.7049	28.8217	0.769252	0.455295	0.448284	171	173	24	2	12	0
0.0379881	0.907715	2.732	12.0095	29.1217	-0.61639	0.725202	0.306832	172	0	24	2	13	0
0.052431	0.252725	3.59154	8.23057	29.6865	-2.90021	1.75302	-2.04266	37	175	25	2	1	1
0.0220977	1.06162	3.41865	8.34987	29.499	-0.618395	0.399785	-0.67658	174	0	25	2	2	0
0.0571102	1.43273	3.94118	8.13109	29.1447	0.119811	-0.972817	-0.198173	36	177	26	2	1	0
0.0646323	1.38397	4.11284	6.73731	28.8607	-0.201513	-0.974645	0.0972617	176	178	26	2	2	0
0.0588219	1.13245	3.83395	5.38843	28.9953	-0.45652	0.40303	0.793193	177	179	26	2	3	0
0.0503886	1.14125	3.31697	5.84484	29.8936	-0.168471	-0.969409	0.178504	178	180	26	2	4	0
0.0368151	1.23521	3.1247	4.7385	30.0973	0.573608	-0.784753	0.234812	179	0	26	2	5	0
0.0477736	0.31998	3.15765	8.25732	30.1772	-0.678706	-3.04045	0.248801	37	182	27	2	1	1
0.0158517	0.966077	3.31639	8.09615	30.1071	0.437452	-0.737153	0.515015	181	0	27	2	2	0
0.0332861	1.14265	2.92179	8.66919	31.0673	-0.264722	0.94222	-0.205287	39	184	28	2	1	1
0.029385	1.26564	2.6193	9.74581	30.8328	0.189697	0.855628	0.481577	183	185	28	2	2	0
0.0311909	1.30325	2.85939	10.8287	31.4423	0.322994	0.937608	0.128712	184	186	28	2	3	0
0.0277171	1.24984	3.28033	12.0507	31.61	0.347499	0.836375	-0.423935	185	187	28	2	4	0
0.0218811	1.2437	3.71465	13.096	31.0802	0.889517	0.445364	-0.102033	186	0	28	2	5	0
0.0422821	0.822192	3.04612	8.35067	30.4734	-0.0482572	-1.14301	0.41291	38	189	29	2	1	0
0.0164573	1.17597	3.0135	7.578	30.7525	0.305342	-0.525768	0.793936	188	0	29	2	2	0
0.0240878	1.18948	2.93413	8.62452	31.0004	0.34307	0.382934	-0.857709	39	191	30	2	1	1
0.00837015	0.841192	3.34221	9.08001	29.9802	0.0829761	0.529786	-0.844062	190	0	30	2	2	0
0.0207367	0.712825	2.87226	8.86044	31.3654	0.687304	-0.724704	0.0491681	39	0	31	2	1	1
0.108829	0.686728	5.00143	9.50548	23.0867	0.0904999	0.38687	1.40093	27	194	32	2	1	0
0.0898285	0.772259	5.00501	9.68815	23.7441	-0.124899	0.248422	0.960566	193	195	32	2	2	0
0.100636	0.749453	4.90855	9.88	24.4859	0.0396783	0.0970403	0.994489	194	196	32	2	3	0
0.0938484	0.826221	4.93829	9.95272	25.2312	-0.190515	0.067874	0.979335	195	197	32	2	4	0
0.0799602	0.611665	4.78088	10.0088	26.0404	-0.296975	0.204197	0.932797	196	198	32	2	5	0
0.0542596	0.763084	4.59923	10.1337	26.6109	0.083851	0.237318	0.967806	197	199	32	2	6	0
0.0429178	1.37917	4.66322	10.3148	27.3494	-0.0366978	0.131404	0.990649	198	0	32	2	7	0
0.0776276	0.845357	7.34847	8.47057	22.0392	-0.379176	-0.442897	1.02927	40	201	33	2	1	0
0.0777003	0.951229	7.06107	8.1694	22.7769	-0.15797	-0.392146	0.906238	200	202	33	2	2	0
0.0793019	0.934794	6.9108	7.79638	23.639	0.162913	-0.517989	0.83973	201	203	33	2	3	0
0.0662414	0.441765	7.06309	7.31216	24.424	0.0930846	-0.809348	0.579905	202	204	33	2	4	0
0.0547858	0.437627	7.10422	6.95462	24.6801	0.159054	-0.67236	0.722934	203	205	33	2	5	0
0.0533675	0.584673	7.17382	6.66038	24.9965	0.0561392	-0.737081	0.673469	204	206	33	2	6	0
0.0518188	0.462222	7.20665	6.22943	25.3903	0.130914	-0.743987	0.655244	205	207	33	2	7	0
0.0497394	0.507416	7.26716	5.88554	25.6931	0.168153	-0.634438	0.754462	206	208	33	2	8	0
0.0585798	0.623336	7.35248	5.56362	26.076	0.322814	-0.510174	0.797191	207	209	33	2	9	0
0.0486872	0.470557	7.5537	5.24561	26.5729	0.601893	-0.274254	0.750006	208	210	33	2	10	0
0.0549693	0.504022	7.83693	5.11656	26.9258	0.578384	-0.17305	0.797199	209	211	33	2	11	0
0.050223	0.656575	8.12844	5.02933	27.3276	0.243151	0.062695	0.96796	210	212	33	2	12	0
0.0404756	0.971055	8.28809	5.0705	27.9631	-0.393609	-0.138507	0.908783	211	213	33	2	13	0
0.0383803	0.427417	7.90588	4.936	28.8456	0.0585369	-0.97704	0.204856	212	214	33	2	14	0
0.042813	0.420772	7.93089	4.5184	28.9332	-0.196347	0.248665	0.94848	213	215	33	2	15	0
0.0268148	0.765659	7.84828	4.62303	29.3323	-0.462275	-0.251394	0.850355	214	0	33	2	16	0
0.0367436	0.546595	8.62863	6.83626	24.2472	0.912555	0.150306	1.57853	45	217	34	2	1	0
0.035533	0.391565	8.9135	6.88896	24.7164	0.291803	-0.0530243	0.955008	216	218	34	2	2	0
0.0392639	0.69123	9.02776	6.8682	25.0904	0.685349	-0.290801	0.667631	217	219	34	2	3	0
0.0328033	0.584189	9.5015	6.66719	25.5518	0.612729	-0.38502	0.690162	218	220	34	2	4	0
0.0407544	0.464573	9.85944	6.44226	25.955	0.685474	-0.26371	0.678662	219	221	34	2	5	0
0.0425979	0.638561	10.1779	6.31975	26.2703	0.660262	-0.299711	0.688641	220	222	34	2	6	0
0.0311989	0.989324	10.5995	6.12837	26.7101	0.419067	-0.144496	0.896384	221	223	34	2	7	0
0.0351719	0.602479	11.0141	5.98541	27.5969	0.303852	-0.377044	0.874935	222	224	34	2	8	0
0.0385799	0.907111	11.1972	5.75825	28.124	0.0479575	0.440326	0.896556	223	225	34	2	9	0
0.0395164	0.940036	11.2407	6.15767	28.9373	-0.625778	-0.250848	0.738564	224	226	34	2	10	0
0.0326725	0.810583	10.6524	5.92187	29.6316	-0.554141	0.213567	0.80456	225	0	34	2	11	0
0.0343233	1.70281	8.72325	4.4672	26.4769	-0.791086	-0.440319	0.42462	51	0	35	2	1	0
0.0409022	0.406814	8.72458	3.11574	29.5362	0.387115	-2.41427	0.252576	56	229	36	2	1	1
0.0524686	0.704889	8.63206	2.68628	29.5715	-0.195676	-0.828458	-0.524755	228	230	36	2	2	0
0.0314639	0.862532	8.49413	2.1023	29.2016	-0.462027	-0.658035	0.594576	229	0	36	2	3	0
0.0354441	0.87855	8.72873	3.41943	28.6828	0.802483	0.569909	-0.176705	55	0	37	2	1	1
0.0469784	0.787575	8.56399	3.2578	29.1286	0.962186	0.254463	-0.0971932	55	233	38	2	1	1
0.0494157	0.691398	9.32179	3.45821	29.052	0.528545	0.221586	0.819476	232	234	38	2	2	0
0.047979	0.6484	9.68722	3.61142	29.6186	-0.178658	0.573497	0.799489	233	235	38	2	3	0
0.029489	1.2569	9.57138	3.98327	30.137	0.933817	-0.0193213	0.357228	234	0	38	2	4	0
0.0448899	0.647763	8.54469	3.29379	29.0625	-1.2409	0.818752	-0.415982	55	237	39	2	1	1
0.016417	0.924502	8.01947	3.62904	28.8269	-0.151478	0.81325	-0.561853	236	0	39	2	2	0
0.0543532	1.75022	8.65521	3.51101	28.3307	-0.605563	-0.0217449	0.795501	54	239	40	2	1	1
0.0502102	1.70124	7.59534	3.47295	29.723	-0.951271	0.270128	0.148711	238	240	40	2	2	0
0.0444749	1.39583	5.977	3.9325	29.976	-0.271577	0.82264	0.499509	239	241	40	2	3	0
0.0359287	1.1865	5.59792	5.08077	30.6732	-0.817945	0.410765	0.402789	240	242	40	2	4	0
0.0431673	0.271288	4.62743	5.56814	31.1511	0.441282	0.816738	-0.371765	241	0	40	2	5	0
0.0514764	0.9753	8.53295	3.74079	27.3276	-0.857457	-0.409631	0.311402	53	244	41	2	1	0
0.0529907	0.681551	7.69668	3.34128	27.6313	-0.861409	-0.0233986	0.507373	243	245	41	2	2	0
0.060277	0.845109	7.10958	3.32533	27.9771	-0.314574	-0.946958	-0.065672	244	246	41	2	3	0
0.0587005	1.01963	6.84373	2.52505	27.9216	-0.88944	-0.0387407	-0.455407	245	247	41	2	4	0
0.0561635	0.876774	5.93684	2.48555	27.4572	-0.828325	0.10465	-0.550387	246	248	41	2	5	0
0.0640291	0.608193	5.21058	2.5773	26.9747	-0.848065	0.527054	0.054775	247	249	41	2	6	0
0.0523572	0.854522	4.6948	2.89785	27.008	-0.953051	0.23403	-0.192154	248	250	41	2	7	0
0.0408736	0.918669	3.88039	3.09784	26.8438	-0.832589	0.00731578	-0.553843	249	251	41	2	8	0
0.0323574	1.11779	3.11552	3.10456	26.335	-0.566586	0.802856	-0.18548	250	0	41	2	9	0
0.0764516	1.34345	10.3052	9.56301	25.4031	0.503354	-0.85197	0.144161	64	0	42	2	1	1
0.0798403	1.34566	10.6636	9.66365	25.621	-0.204485	-0.701376	0.136001	64	254	43	2	1	1
0.026116	2.15227	10.3927	8.57699	26.0593	-0.936052	0.342212	0.081844	253	0	43	2	2	0
0.0694567	2.13306	10.7353	10.2682	25.9621	-0.0881075	-0.994753	0.0519991	65	256	44	2	1	1
0.0229967	1.35862	10.5473	8.14635	26.073	-0.190137	-0.82021	-0.53954	255	0	44	2	2	0
0.0636664	0.737085	10.8224	10.698	25.9834	0.700638	0.0351561	-0.71265	65	0	45	2	1	1
0.0607184	1.44781	10.8489	10.5854	26.6137	0.332325	-0.931326	-0.14897	66	0	46	2	1	1
0.0773702	1.16518	10.729	9.77933	25.7675	-0.0252764	-0.274241	0.961329	65	260	47	2	1	1
0.0611627	0.863379	10.6996	9.45979	26.8876	0.0164682	-0.995316	0.0952659	259	261	47	2	2	0
0.050187	0.398509	10.7138	8.60045	26.9699	0.262442	-0.908263	0.325857	260	0	47	2	3	0
0.0505033	0.672223	10.9691	10.6832	27.5588	0.143579	0.738781	-1.28318	67	263	48	2	1	1
0.0207465	1.20931	11.0871	10.9699	26.9431	0.576908	0.0412883	0.815765	262	0	48	2	2	0
0.0427489	1.58964	11.0363	10.8265	27.9977	-0.176342	-0.11978	0.977014	67	0	49	2	1	0
0.0501411	1.36138	10.9257	10.5759	27.0531	0.989584	0.0796045	0.119942	67	0	50	2	1	1
0.0492679	1.2698	10.9138	10.5354	27.0806	0.581945	-0.807047	0.100074	66	0	51	2	1	1
0.0693868	0.663619	11.649	11.2909	28.9653	0.274451	-0.874603	0.399682	68	268	52	2	1	1
0.0665189	0.771397	11.8312	10.7105	29.2305	0.0775651	-0.980687	-0.179545	267	269	52	2	2	0
0.0501524	1.02113	11.891	9.954	29.092	0.245368	-0.964363	0.0989903	268	0	52	2	3	0
0.0594636	2.55478	10.9206	10.6878	27.1988	0.211399	0.494437	0.843115	67	0	53	2	1	1
0.0988331	0.851579	9.60301	9.37626	24.7529	0.503966	0.851771	-0.143194	63	272	54	2	1	1
0.0875848	0.803503	10.0322	10.1016	24.6309	0.859496	0.492563	-0.13656	271	273	54	2	2	0
0.104603	1.11447	10.7228	10.4974	24.5212	0.669354	-0.606783	0.428695	272	274	54	2	3	0
0.0696929	0.958457	11.4688	9.82114	24.999	0.586453	-0.235456	0.775005	273	275	54	2	4	0
0.0479472	0.696832	12.0308	9.59547	25.7418	-0.14296	0.331379	0.932604	274	0	54	2	5	0
0.02421	0.537403	7.54045	8.53304	23.5019	-0.751896	0.420274	-0.507959	70	0	55	2	1	1
0.0421306	0.483052	9.22123	10.8634	28.8868	1.22021	0.368029	1.63133	73	278	56	2	1	1
0.0428826	1.36436	9.51444	11.0005	29.2236	0.384305	0.582655	0.716117	277	279	56	2	2	0
0.0303286	1.21227	10.0388	11.7955	30.2006	-0.221263	0.944493	0.242849	278	0	56	2	3	0
0.0392877	0.441912	9.99588	11.7893	30.9923	-0.720228	-0.463823	0.515887	77	0	57	2	1	1
0.0288928	0.709233	9.42145	11.4916	29.6767	0.0220207	0.837513	0.545974	74	0	58	2	1	1
0.0358335	0.789801	10.076	11.8714	31.1267	-0.406281	0.711736	-0.965134	77	283	59	2	1	1
0.0147082	1.23732	9.83446	12.2752	30.5428	-0.34802	0.0510829	0.936094	282	0	59	2	2	0
0.0269286	1.17256	10.0302	11.7496	30.8863	0.68799	0.474873	0.548785	76	0	60	2	1	1
0.0421021	0.590302	8.55687	10.4206	28.2305	-0.312389	1.30252	1.03714	72	286	61	2	1	0
0.035355	0.482729	8.42503	10.8923	28.5635	-0.205892	0.690907	0.693005	285	287	61	2	2	0
0.0428366	0.761491	8.32564	11.2258	28.898	-0.383265	0.467521	0.796575	286	288	61	2	3	0
0.038402	0.759999	8.03378	11.5818	29.5046	-0.316203	0.214793	0.924056	287	289	61	2	4	0
0.0368111	0.698246	7.79347	11.7451	30.2069	-0.100803	0.777207	0.621118	288	290	61	2	5	0
0.0367603	1.19587	7.72308	12.2878	30.6406	-0.713436	0.34222	0.611469	289	291	61	2	6	0
0.0303051	0.877323	6.86991	12.697	31.3718	-0.163348	0.287465	0.943759	290	0	61	2	7	0
0.0287154	0.591423	9.00512	7.6364	28.0981	-0.926997	-1.38576	0.28154	83	293	62	2	1	0
0.0360467	0.978548	8.68087	7.15169	28.1966	-0.389525	-0.646197	0.656277	292	294	62	2	2	0
0.0334027	0.568034	8.29971	6.51935	28.8388	-0.398372	0.469715	0.787824	293	0	62	2	3	0
0.0351436	1.21133	9.04534	7.58333	28.1501	0.407924	-0.773654	0.484827	83	0	63	2	1	1
0.0468705	1.48532	9.20751	7.05543	29.2097	0.385884	0.206175	0.899214	85	0	64	2	1	0
0.0534431	0.668267	8.83337	6.37858	30.1902	-0.531067	0.761837	0.370909	87	0	65	2	1	1
0.0466026	1.09157	8.97714	6.6646	29.7199	0.154964	-0.983892	0.0891249	86	0	66	2	1	1
0.0481961	0.711739	8.90703	6.11205	30.6124	-0.586571	-0.803846	-0.0988258	88	300	67	2	1	1
0.0485483	0.590528	8.48954	5.53992	30.542	0.0499456	-0.960896	-0.272368	299	301	67	2	2	0
0.0462634	0.954067	8.51904	4.97248	30.3812	0.859441	0.10955	0.49936	300	302	67	2	3	0
0.0378712	0.800678	9.339	5.077	30.8576	0.499518	-0.864327	0.058487	301	303	67	2	4	0
0.0354076	0.458533	9.73895	4.38495	30.9044	0.698259	-0.707419	0.109513	302	0	67	2	5	0
0.0500941	0.870483	8.84396	6.33849	30.2757	-0.185315	0.274973	1.09989	87	305	68	2	1	1
0.0208795	1.21311	8.70354	6.54685	31.1092	-0.0921543	-0.0138887	0.995648	304	0	68	2	2	0
0.0410836	0.953398	8.85539	6.07807	30.7257	0.823234	-0.47418	0.312154	88	0	69	2	1	1
0.051385	1.69064	8.89404	6.25114	30.4353	0.600732	0.343575	0.721857	87	308	70	2	1	1
0.0532346	1.16452	9.90967	6.832	31.6557	0.426732	0.892303	-0.147291	307	309	70	2	2	0
0.0500361	1.39086	10.4066	7.87111	31.4841	-0.00932101	0.991667	-0.128491	308	310	70	2	3	0
0.0394875	1.313	10.3936	9.25038	31.3054	-0.521647	0.844475	0.121434	309	311	70	2	4	0
0.0313966	1.01217	9.70872	10.3592	31.4649	-0.00287298	0.963344	0.268253	310	0	70	2	5	0
0.063449	1.00054	10.2068	10.176	27.5003	-0.751587	-0.358125	0.553953	90	313	71	2	1	1
0.0496437	0.98221	9.45478	9.81767	28.0546	0.567315	-0.756119	0.326248	312	314	71	2	2	0
0.0400454	1.0043	10.012	9.075	28.375	-0.211564	-0.933028	0.291033	313	0	71	2	3	0
0.0264298	0.140693	10.6631	10.1402	27.5768	4.74	3.30248	4.14063	91	316	72	2	1	1
0.0101595	1.06218	10.791	10.2121	27.6663	-0.670679	0.468557	0.575016	315	0	72	2	2	0
0.0676709	3.38741	9.08826	9.88761	27.2371	0.973602	0.0338432	0.22573	90	318	73	2	1	1
0.0191089	0.905245	12.3862	10.0022	28.0018	-0.234757	0.834298	0.498835	317	0	73	2	2	0
0.0439617	0.554665	8.47031	8.82861	28.5252	1.02164	0.0402833	1.48494	94	320	74	2	1	0
0.0304327	0.658785	8.8054	8.72184	29.019	0.743491	0.233618	0.626614	319	321	74	2	2	0
0.035345	0.589309	9.2952	8.87574	29.4318	0.468991	0.508419	0.722189	320	322	74	2	3	0
0.0337911	0.472569	9.57158	9.17536	29.8574	0.312136	0.783548	0.537237	321	323	74	2	4	0
0.023717	0.787079	9.71909	9.54564	30.1113	-0.137162	0.660624	0.73808	322	0	74	2	5	0
0.0509161	1.11825	8.07704	9.16503	31.5588	0.0655391	-0.83149	0.322524	98	325	75	2	1	0
0.0625246	0.519385	8.159	8.12527	31.9621	-0.397907	-0.649572	0.647863	324	326	75	2	2	0
0.0382162	0.656908	7.95233	7.78789	32.2986	-0.735467	-0.677551	-0.00372135	325	0	75	2	3	0
0.0464335	0.808746	7.51714	8.66545	31.4662	0.0929623	-0.642188	0.760889	98	328	76	2	1	0
0.0142507	0.907945	7.59232	8.14609	32.0816	0.412299	-0.560089	0.718547	327	0	76	2	2	0
0.0247412	0.955915	10.2588	10.9899	30.3179	0.192944	0.416301	-0.888519	102	0	77	2	1	1
0.0300575	0.524154	10.3507	11.0952	30.6855	0.57581	-0.778143	-0.25087	102	0	78	2	1	1
0.0288615	0.653238	10.3017	11.0325	30.4811	0.839808	-0.269511	-1.25122	102	332	79	2	1	1
0.0291808	0.985496	10.6434	10.9316	29.9413	0.312796	0.801258	0.510043	331	333	79	2	2	0
0.0235284	0.796865	10.9516	11.7212	30.444	0.355048	0.663356	0.65871	332	0	79	2	3	0
0.116069	0.670863	10.973	6.79284	29.8002	-0.371959	0.0651827	0.925958	108	335	80	2	1	1
0.0768816	0.792897	10.7235	6.83657	30.4214	0.259638	0.343592	0.902515	334	336	80	2	2	0
0.0573103	0.893216	10.9293	7.109	31.137	0.253886	0.535236	0.805645	335	0	80	2	3	0
0.0369497	2.36423	7.95643	10.8397	31.2452	-0.368621	-0.717417	0.591127	111	0	81	2	1	1
0.0359722	0.988485	7.75797	10.1637	31.5601	-0.195579	-0.0855731	0.976947	110	0	82	2	1	1
0.0353169	1.45972	7.85229	10.4784	31.4051	-0.440577	0.354549	0.824735	110	0	83	2	1	1
0.0315657	0.74654	8.38025	11.2362	31.0038	-0.67482	-0.190547	-0.712958	111	341	84	2	1	1
0.00935863	0.742906	7.87647	11.0939	30.4716	-0.435084	0.451477	0.779019	340	0	84	2	2	0
0.0266309	1.4721	8.10753	11.0159	31.17	0.519343	-0.753777	-0.402621	111	0	85	2	1	1
0.0421606	1.63987	7.81381	10.3989	31.4029	0.594178	-0.379448	-0.709205	110	0	86	2	1	1
0.0303062	0.628821	6.15471	9.42256	30.8337	1.37697	0.244717	0.757004	114	345	87	2	1	1
0.0134862	0.996784	6.68863	9.4987	31.1121	-0.732989	0.570633	-0.370278	344	0	87	2	2	0
0.0458799	0.659993	6.25351	8.90034	31.3965	-1.38178	-0.617015	0.0755582	114	347	88	2	1	1
0.045621	1.54404	5.71793	8.59151	31.4771	0.172968	0.902729	0.393907	346	348	88	2	2	0
0.0342741	0.676336	5.985	9.98536	32.0853	0.0047831	0.975569	0.21964	347	0	88	2	3	0
0.0510546	0.55124	5.73561	7.14367	31.7761	0.158282	0.384826	0.909316	117	0	89	2	1	1
0.0436522	1.08016	5.9565	7.52421	31.7642	-0.0678745	0.608538	0.790617	117	0	90	2	1	1
0.0294622	0.948267	4.73344	7.39525	32.8116	0.061297	-0.988225	0.140193	120	0	91	2	1	1
0.0578596	1.17159	5.9288	7.65425	31.6913	-0.710463	0.553589	0.434491	117	353	92	2	1	1
0.056373	0.92672	5.09643	8.30283	32.2003	-0.468067	0.13471	0.873365	352	354	92	2	2	0
0.0422805	1.07555	4.66267	8.42767	33.0097	-0.674691	0.609763	0.415911	353	0	92	2	3	0
0.0674253	1.34243	6.57508	9.32429	24.4447	-0.369315	0.605828	0.704684	122	356	93	2	1	1
0.063065	0.571658	6.0793	10.1376	25.3906	-0.803458	0.341875	-0.487419	355	357	93	2	2	0
0.0451162	0.756233	5.62	10.333	25.112	-0.261377	0.445664	-0.856192	356	0	93	2	3	0
0.0424091	0.708828	7.14527	9.87851	25.5193	0.877825	0.796101	0.76547	122	359	94	2	1	0
0.0423529	0.407372	7.60579	10.2699	25.9224	0.329966	0.93831	0.103423	358	360	94	2	2	0
0.0423582	0.397433	7.74021	10.6521	25.9645	0.293804	0.910403	0.291281	359	361	94	2	3	0
0.042469	0.372977	7.85698	11.0139	26.0803	0.475881	0.833913	0.279513	360	362	94	2	4	0
0.0410946	0.339813	8.03447	11.325	26.1845	0.580377	0.673647	0.457561	361	363	94	2	5	0
0.0534316	0.544622	8.23169	11.5539	26.34	-0.0151153	0.995486	0.0936965	362	364	94	2	6	0
0.0451475	0.237108	8.22346	12.096	26.3911	-0.677263	0.61961	0.396733	363	365	94	2	7	0
0.0421881	0.394015	8.06287	12.243	26.4851	-0.636382	0.624131	0.453297	364	366	94	2	8	0
0.0567857	0.587442	7.81213	12.4889	26.6637	-0.513461	0.824819	0.23671	365	367	94	2	9	0
0.0574338	1.02707	7.5105	12.9734	26.8028	-0.373619	0.777514	-0.505847	366	368	94	2	10	0
0.0556931	0.99008	7.12677	13.772	26.2832	-0.119832	0.979857	-0.15975	367	369	94	2	11	0
0.0566067	0.672415	7.00812	14.7421	26.1251	-0.158483	0.272841	0.948916	368	370	94	2	12	0
0.0586771	0.692101	6.90156	14.9256	26.7631	0.412106	0.894683	0.172367	369	371	94	2	13	0
0.0525327	0.955968	7.18678	15.5448	26.8824	0.932178	-0.313618	-0.180799	370	372	94	2	14	0
0.0527878	0.640684	8.07791	15.245	26.7096	0.989105	-0.143125	0.0344445	371	373	94	2	15	0
0.0511677	0.638299	8.71161	15.1533	26.7317	0.339368	0.939547	0.0456049	372	0	94	2	16	0
0.0809672	1.28363	6.91649	9.97283	26.7443	0.401556	0.141134	0.652487	124	375	95	2	1	1
0.0806303	0.908035	7.57814	10.2054	27.8194	0.0543374	0.843451	0.534451	374	376	95	2	2	0
0.0645374	0.825927	7.62748	10.9713	28.3047	0.57066	0.739234	0.357602	375	0	95	2	3	0
0.0977701	1.96264	6.87091	9.95016	26.4978	-0.92545	0.354458	0.133798	123	0	96	2	1	0
0.102559	0.509508	6.25431	10.5302	27.6508	-0.998734	-1.65082	0.359785	125	379	97	2	1	1
0.0447038	0.993628	6.00986	10.0835	27.7315	-0.854477	-0.299057	-0.424776	378	0	97	2	2	0
0.0564871	1.65971	6.47629	10.2215	27.1154	-0.305557	0.821873	-0.48079	124	0	98	2	1	0
0.103169	1.20935	6.21994	10.6012	27.654	-0.883072	0.161116	0.440711	125	382	99	2	1	1
0.0300882	1.11332	5.152	10.796	28.187	-0.251668	-0.967546	-0.022735	381	0	99	2	2	0
0.0658045	1.7427	6.36159	11.0882	28.4261	-0.290596	0.852026	0.435438	125	384	100	2	1	0
0.0672427	0.790813	5.85517	12.573	29.1849	-0.00713013	0.981935	0.189082	383	385	100	2	2	0
0.0582101	0.60297	5.84953	13.3495	29.3344	-0.338247	0.414466	0.844871	384	386	100	2	3	0
0.0478837	0.775041	5.64558	13.5994	29.8438	-0.604071	-0.46725	0.645581	385	0	100	2	4	0
0.0694044	1.28583	6.56435	11.1305	28.9199	-0.00820225	0.811078	0.58488	126	0	101	2	1	0
0.0515769	0.808312	6.07411	10.9649	30.0465	-0.727075	-0.205419	-0.655107	128	0	102	2	1	0
0.0279917	1.05091	6.16331	12.0336	31.2128	0.908437	-0.283137	0.307531	130	390	103	2	1	1
0.00777473	0.650158	7.118	11.736	31.536	0.457324	-0.371449	0.80801	389	0	103	2	2	0
0.02691	0.332223	6.1745	12.072	31.3084	1.43391	-2.11672	1.58861	130	392	104	2	1	1
0.0306847	1.22549	6.26097	11.8949	31.677	-0.067378	-0.97523	-0.210683	391	393	104	2	2	0
0.0223391	1.43294	6.1784	10.6998	31.4188	-0.736115	-0.137724	-0.662696	392	0	104	2	3	0
0.0377648	1.04214	5.94477	11.2375	30.2254	-0.244572	0.559268	0.792088	129	0	105	2	1	1
0.0401304	0.967957	4.71461	7.95513	28.05	0.26041	-0.601596	0.755161	131	396	106	3	1	1
0.0459902	1.03187	4.96667	7.37281	28.781	0.251161	-0.341846	0.905571	395	397	106	3	2	0
0.0405534	1.55125	5.22584	7.02007	29.7154	-0.108148	-0.186923	0.976404	396	0	106	3	3	0
0.0427898	0.67512	4.36234	7.31638	28.5952	-1.27371	-0.495372	0.571202	133	399	107	3	1	0
0.048948	0.602611	3.7818	7.0906	28.8555	-0.957906	-0.25821	-0.125473	398	400	107	3	2	0
0.0334263	0.945883	3.20456	6.935	28.7799	-0.524965	-0.851057	0.010691	399	0	107	3	3	0
0.0395511	1.28828	4.67824	7.77348	30.2032	0.185458	-0.808095	-0.559095	136	0	108	3	1	1
0.0554573	0.408044	4.41573	7.40313	29.6387	0.705346	-0.149442	2.34226	135	403	109	3	1	1
0.0617844	0.689191	4.51882	7.35657	30.0807	-0.369543	0.786392	0.495001	402	404	109	3	2	0
0.0535173	0.810339	4.26414	7.89854	30.4218	-0.0916256	0.0246957	0.995487	403	405	109	3	3	0
0.0410168	0.634554	4.18989	7.91856	31.2285	-0.291913	0.893103	-0.342278	404	0	109	3	4	0
0.0432224	0.88664	4.71661	7.74309	30.5797	-0.490526	-0.474099	0.731173	137	0	110	3	1	1
0.0513703	0.853934	4.77029	7.76349	30.5973	0.599093	-0.543209	0.588228	137	0	111	3	1	0
0.0408588	1.17198	4.29515	9.75871	32.3102	0.0576929	0.288293	0.955803	141	0	112	3	1	0
0.0494649	0.509087	5.04069	8.43694	31.1905	1.2508	-1.08703	1.05467	138	410	113	3	1	1
0.0500733	1.16172	5.3032	8.17486	31.4339	0.260651	0.907795	-0.328586	409	411	113	3	2	0
0.0353079	1.42301	5.606	9.22947	31.0521	-0.330755	0.462243	-0.822759	410	0	113	3	3	0
0.0419297	0.961254	4.99488	8.83229	31.4674	0.872016	-0.0697412	0.484483	139	0	114	3	1	1
0.0487014	1.31723	5.05299	8.70254	31.3856	-0.0786719	0.891136	-0.446864	139	414	115	3	1	1
0.049096	1.08287	4.94936	9.87636	30.797	-0.311889	0.324458	-0.893002	413	415	115	3	2	0
0.0384022	1.19169	4.61163	10.2277	29.83	-0.180843	-0.337316	-0.923858	414	0	115	3	3	0
0.0456852	0.713871	4.7676	9.34394	31.6736	0.625017	-1.0348	0.707692	140	417	116	3	1	1
0.0198359	0.731873	5.16475	8.83422	32.0116	0.330491	0.716785	0.613999	416	0	116	3	2	0
0.036224	0.549234	4.9587	8.91993	31.4979	-1.69342	0.244775	-0.622424	139	419	117	3	1	1
0.0144526	1.7439	4.44787	8.99377	31.3102	-0.268315	0.492352	-0.828008	418	0	117	3	2	0
0.0402185	1.32259	4.97919	8.74306	31.4435	-0.62573	-0.0871457	0.775157	139	0	118	3	1	1
0.0322299	1.38751	4.31028	9.42864	32.0301	0.86898	0.181156	0.460496	140	0	119	3	1	1
0.0383748	0.913235	4.57917	9.92242	32.4257	0.627546	0.0331527	-0.896734	142	423	120	3	1	0
0.013406	0.844348	5.10254	9.95007	31.6778	-0.414277	0.523995	-0.74418	422	0	120	3	2	0
0.0248463	1.06109	4.42209	9.40374	31.9066	0.110694	0.702159	-0.703363	140	0	121	3	1	1
0.0393897	1.00929	4.35758	9.41533	31.9538	-0.895551	-0.253303	0.365823	140	0	122	3	1	1
0.0335428	1.34467	5.03172	10.2543	32.8162	-0.567062	0.282305	-0.389611	143	427	123	3	1	0
0.0342113	0.981115	4.00639	10.7648	32.1117	0.265156	0.934772	-0.236419	426	428	123	3	2	0
0.0403149	0.663965	4.26654	11.6819	31.8798	0.77461	0.262676	-0.575309	427	429	123	3	3	0
0.0308394	0.835703	4.78085	11.8563	31.4978	-0.0704715	0.14188	-0.987372	428	430	123	3	4	0
0.0238646	0.705149	4.72196	11.9749	30.6727	0.356825	-0.46841	-0.80825	429	0	123	3	5	0
0.0346468	0.425155	4.47328	7.82318	24.5167	0.873203	-0.327879	0.360571	146	0	124	3	1	1
0.0254123	0.450343	4.09302	6.68096	25.1463	-0.358968	-1.93074	1.0364	149	433	125	3	1	0
0.0355177	0.884411	4.03314	6.2831	25.3691	-0.0986357	-0.991285	0.0873263	432	434	125	3	2	0
0.0273121	0.926047	3.94591	5.4064	25.4464	-0.41573	-0.909445	-0.00880858	433	0	125	3	3	0
0.0447304	1.10101	4.4601	7.72261	24.5751	0.56608	0.606102	0.558743	146	436	126	3	1	1
0.0102624	0.793131	5.08335	8.38994	25.1903	0.86977	-0.462546	-0.171907	435	0	126	3	2	0
0.0515801	0.780779	4.54325	6.36599	25.2572	-0.113141	-1.19204	0.454563	150	438	127	3	1	1
0.0254652	0.994988	4.48898	5.47734	25.4386	-0.561239	-0.14317	0.815177	437	0	127	3	2	0
0.0476654	1.70266	5.19597	6.65988	25.65	0.256176	-0.95478	0.150893	150	0	128	3	1	1
0.04961	1.83381	5.07514	6.61887	25.5901	0.0258825	-0.989196	-0.144297	150	0	129	3	1	1
0.044232	0.47257	5.9136	6.40348	27.0522	0.557538	-0.182825	2.03312	153	442	130	3	1	1
0.0450668	0.922964	6.03811	6.36265	27.5062	0.132729	-0.116968	0.984226	441	443	130	3	2	0
0.0458731	0.892771	6.16062	6.25469	28.4146	-0.050828	0.229309	0.972026	442	444	130	3	3	0
0.0381029	0.596038	6.11524	6.45941	29.2824	-0.465357	0.222554	0.856687	443	445	130	3	4	0
0.0414368	0.920361	5.83787	6.59206	29.793	-0.211511	-0.228674	0.950248	444	446	130	3	5	0
0.040276	0.772245	5.6432	6.3816	30.6676	-0.128809	-0.312265	0.941222	445	447	130	3	6	0
0.0324283	1.407	5.54373	6.14045	31.3945	-0.12692	-0.075079	0.989068	446	0	130	3	7	0
0.0396681	0.483252	4.93179	3.94242	29.9765	-0.881413	-0.294504	0.369295	158	449	131	3	1	1
0.011051	0.773176	4.50584	3.80011	30.155	0.809906	-0.586502	0.00820169	448	0	131	3	2	0
0.0398693	0.430503	5.32552	4.61981	28.7783	-0.296886	-2.268	0.404629	156	451	132	3	1	1
0.0212264	1.22648	5.2099	4.29573	28.8744	-0.206328	-0.656924	0.725176	450	0	132	3	2	0
0.0386653	0.689806	5.1938	4.62865	29.0222	-0.928409	-0.320896	-0.187306	157	453	133	3	1	0
0.00986781	0.645674	4.55338	4.4073	28.893	-0.252416	-0.965653	0.0616419	452	0	133	3	2	0
0.0484775	0.339778	4.94319	3.96311	30.0067	-0.0476585	0.493582	0.868393	158	0	134	3	1	1
0.0313029	0.181103	5.18855	3.15086	30.1658	0.104277	-3.75463	-4.04738	159	456	135	3	1	1
0.0145766	0.514003	5.25219	2.99353	29.9705	-0.950247	-0.161846	0.26615	455	0	135	3	2	0
0.0195425	0.622712	5.19852	2.90103	30.344	0.430318	-0.869137	0.243779	160	0	136	3	1	1
0.0286848	1.31014	5.1732	3.19732	30.1812	-0.224618	0.28683	0.931276	159	0	137	3	1	1
0.0673855	0.972911	2.53888	8.36773	26.2308	-0.646845	0.543306	0.535173	164	0	138	3	1	0
0.0243591	0.681054	2.97163	9.02117	27.1138	0.137315	-0.446671	0.884098	166	0	139	3	1	1
0.064581	0.42113	3.01158	9.27022	27.6105	1.49677	1.83281	-0.197676	167	462	140	3	1	1
0.0294479	1.03349	3.28326	9.59387	27.5524	0.863632	0.473061	-0.174223	461	0	140	3	2	0
0.0437779	0.729184	2.73443	10.5944	27.9353	0.800552	-0.0213426	0.598884	169	0	141	3	1	1
0.0562282	0.536839	2.87347	11.1837	28.0286	0.913634	0.0299122	0.405435	169	0	142	3	1	0
0.0320073	0.273622	2.33519	12.4877	29.2828	1.331	2.39379	-2.41968	173	466	143	3	1	1
0.032897	0.927602	2.4402	12.6778	29.1026	0.854463	-0.442268	-0.272566	465	467	143	3	2	0
0.0324506	0.584172	3.2328	12.2676	28.8498	0.696238	-0.0378738	-0.716811	466	0	143	3	3	0
0.043511	0.577423	2.19838	11.6209	28.6351	0.970255	-0.156283	0.184879	171	0	144	3	1	0
0.0557112	1.29256	4.39261	8.65847	25.932	-0.626426	-0.383661	0.678523	162	470	145	3	1	0
0.0688352	0.683043	3.58292	8.16256	26.809	-0.399851	-0.749268	0.527936	469	471	145	3	2	0
0.0499385	0.691812	3.3098	7.65078	27.1696	-0.547995	-0.363983	0.753139	470	472	145	3	3	0
0.0501087	0.839102	2.93069	7.39897	27.6906	-0.507003	0.422627	0.751222	471	473	145	3	4	0
0.0442638	0.785179	2.50527	7.7536	28.321	-0.509184	-0.851407	0.125849	472	474	145	3	5	0
0.0312311	0.790928	2.10547	7.08509	28.4198	0.467012	-0.86625	0.177513	473	0	145	3	6	0
0.0254705	0.985289	3.88129	5.78817	28.9013	0.480082	-0.873817	-0.0772292	177	0	146	3	1	1
0.0450509	0.854585	3.29174	5.54422	29.9916	-0.15221	0.966297	0.207612	179	477	147	3	1	0
0.0120702	0.977462	3.16167	6.37	30.169	-0.572933	0.804834	0.154887	476	0	147	3	2	0
0.0333906	0.676955	3.26044	5.802	29.9174	-0.460787	0.869272	-0.179004	179	0	148	3	1	1
0.0589121	0.528979	3.9217	6.03585	28.8852	-0.318185	-0.324063	-1.83507	177	480	149	3	1	1
0.0269569	1.36979	3.81167	5.88435	28.3395	-0.575506	-0.460306	0.675952	479	0	149	3	2	0
0.0235763	0.904475	2.63738	9.55847	30.8705	0.463798	-0.380369	-0.800132	183	0	150	3	1	1
0.0213414	0.677017	2.64275	9.93934	30.9138	-0.726567	0.430789	-0.535277	184	0	151	3	1	1
0.0275644	0.37035	2.66549	10.0271	30.9609	-2.08815	1.15387	1.26452	184	484	152	3	1	1
0.0303394	0.68903	2.43602	10.2954	31.1544	-0.910699	0.411182	0.0394491	483	485	152	3	2	0
0.0280886	1.22229	1.80852	10.5787	31.1816	-0.667535	-0.132992	-0.732605	484	486	152	3	3	0
0.0230313	1.79592	0.992597	10.4161	30.2862	-0.391772	0.716493	-0.577193	485	0	152	3	4	0
0.0222304	1.11946	2.67156	10.0052	30.9451	0.125464	0.518939	-0.845554	184	0	153	3	1	1
0.0275644	0.432989	2.8335	10.6661	31.3204	2.10061	0.0406903	-0.95902	184	489	154	3	1	1
0.0121164	0.982496	3.22333	10.6782	31.1646	0.263543	0.587814	-0.764865	488	0	154	3	2	0
0.0226052	0.524498	3.0517	11.4388	31.4988	0.643018	0.18513	0.743139	185	0	155	3	1	1
0.0234311	2.30121	3.47741	12.575	31.3259	-0.710673	-0.686583	0.15345	186	492	156	3	1	1
0.00669549	1.01803	1.842	10.995	31.679	0.138882	-0.974815	0.174494	491	0	156	3	2	0
0.0267232	0.417401	3.17869	11.7953	31.5457	1.09926	-0.0209033	-2.1286	185	494	157	3	1	1
0.0282003	0.923694	3.36869	11.7803	31.1642	0.253222	0.387651	-0.886344	493	495	157	3	2	0
0.0223177	0.930734	3.60259	12.1384	30.3455	0.536679	-0.465118	-0.704018	494	0	157	3	3	0
0.025979	1.82099	3.04474	11.4072	31.4926	-0.181138	-0.283983	-0.941564	185	497	158	3	1	0
0.00856526	1.06943	2.71489	10.8901	29.778	0.692996	-0.476058	-0.54141	496	0	158	3	2	0
0.0237587	0.553707	3.61141	12.9029	31.1625	-0.35969	0.784587	-0.505021	186	0	159	3	1	1
0.0217022	0.50608	3.82069	13.1359	31.0501	1.07467	-1.30366	-1.02471	187	500	160	3	1	1
0.0229358	0.862252	4.14448	12.8286	30.8001	0.445756	-0.321697	-0.835352	499	501	160	3	2	0
0.0191091	1.09514	4.52883	12.5512	30.0798	0.107697	-0.913574	-0.392152	500	0	160	3	3	0
0.014294	1.33667	4.75168	13.6378	30.9687	-0.955908	-0.134071	0.261275	187	0	161	3	1	1
0.0173918	1.02022	3.62499	12.9297	31.1459	0.934467	-0.220833	0.279294	186	0	162	3	1	1
0.0195909	0.48375	4.2992	13.3843	30.9917	-0.184654	0.0477681	-2.05836	187	505	163	3	1	1
0.00863734	1.01227	4.23553	13.3336	30.4863	0.404915	-0.635514	0.657394	504	0	163	3	2	0
0.0143234	1.30471	3.18296	7.25386	31.2253	-0.0951434	0.839936	0.534281	189	0	164	3	1	1
0.0555807	0.202117	4.9288	9.99689	25.7696	4.38868	2.0851	0.933195	196	508	165	3	1	1
0.0675663	0.634336	5.10808	10.0821	25.8078	0.109748	-0.400511	0.909696	507	509	165	3	2	0
0.0492264	0.510814	5.1777	9.82801	26.3848	-0.44972	-0.0961788	0.887976	508	510	165	3	3	0
0.0363801	0.560966	4.94798	9.77888	26.8384	-0.388901	-0.718739	0.576342	509	0	165	3	4	0
0.0397882	0.859881	4.65682	10.1969	26.7435	-0.536693	-0.589708	-0.603494	198	0	166	3	1	1
0.0425667	0.913872	6.92527	7.55525	24.0999	-0.521381	-0.251638	0.815378	202	513	167	3	1	1
0.0422523	0.539748	6.4488	7.32529	24.8451	-0.27275	-0.424604	0.863319	512	514	167	3	2	0
0.0398777	0.459986	6.30158	7.09611	25.311	-0.170961	-0.3467	0.922264	513	0	167	3	3	0
0.0211141	0.637099	7.64458	4.54168	29.6707	0.140887	0.959975	0.242071	215	516	168	3	1	1
0.00605654	0.704687	7.73434	5.15328	29.8249	-0.765889	0.637378	0.084638	515	0	168	3	2	0
0.0418528	0.620755	7.46863	5.27163	26.4699	-0.479129	-0.831942	0.279835	208	0	169	3	1	0
0.0355801	0.897745	7.89553	4.47698	28.9483	-0.363437	-0.191134	-1.03545	213	519	170	3	1	0
0.00278157	0.671388	7.60451	4.3111	28.1212	0.192307	-0.898708	-0.394134	518	0	170	3	2	0
0.0328424	0.734013	7.93446	4.53789	29.0991	0.541183	0.530938	0.652094	214	521	171	3	1	1
0.00706542	0.771728	8.33169	4.92761	29.5777	0.859095	0.508213	0.0606213	520	0	171	3	2	0
0.0174439	0.776791	7.65971	4.54898	29.6389	-0.913713	0.32742	-0.240674	215	0	172	3	1	1
0.0559054	0.679796	7.00212	7.26728	24.4404	-0.390225	-0.678013	0.622915	203	524	173	3	1	1
0.0583093	0.551231	6.73685	6.80637	24.8639	0.0752067	-0.671189	0.737461	523	525	173	3	2	0
0.0571723	0.699779	6.7783	6.43639	25.2704	0.0623491	-0.698527	0.712862	524	526	173	3	3	0
0.0564406	0.612096	6.82193	5.94758	25.7692	-0.373402	-0.494887	0.784639	525	527	173	3	4	0
0.0530102	0.447826	6.59337	5.64466	26.2495	-0.344682	-0.551253	0.759812	526	528	173	3	5	0
0.0593256	0.494089	6.43902	5.39779	26.5898	0.0437115	-0.608194	0.792584	527	529	173	3	6	0
0.044219	0.4757	6.46061	5.09729	26.9814	0.450258	-0.506311	0.735471	528	530	173	3	7	0
0.0432424	0.528833	6.6748	4.85644	27.3312	0.0461867	-0.798656	0.600013	529	531	173	3	8	0
0.0615999	0.619258	6.69923	4.43408	27.6485	0.221983	-0.936917	-0.270019	530	532	173	3	9	0
0.0540319	0.860807	6.83669	3.85389	27.4813	-0.982678	-0.138373	-0.123274	531	533	173	3	10	0
0.043425	0.908336	5.9908	3.73478	27.3752	-0.856507	0.365528	0.364398	532	534	173	3	11	0
0.0398306	0.790799	5.2128	4.0668	27.7062	-0.579224	-0.0996463	0.809055	533	0	173	3	12	0
0.0158678	0.865782	10.0629	6.32302	26.1893	0.145654	-0.648377	0.747257	220	0	174	3	1	0
0.0284587	0.537382	10.193	6.10545	30.2477	-0.458081	0.567646	-1.71195	226	537	175	3	1	1
0.0123188	1.14043	10.2353	5.91697	29.6976	-0.668302	0.208063	-0.7142	536	0	175	3	2	0
0.0305704	0.706456	11.2608	6.18749	28.9551	0.567778	0.0742568	0.819825	225	0	176	3	1	1
0.0405285	0.810505	8.56027	2.19001	29.2968	0.465647	-0.444408	0.765294	229	0	177	3	1	1
0.0426454	1.73004	8.88342	3.29519	29.0858	0.483217	-5.0697e-05	-0.317192	232	541	178	3	1	1
0.0206881	0.544382	10.4487	3.78486	28.6802	0.805541	-0.576497	0.13695	540	0	178	3	2	0
0.027726	0.614811	10.6912	3.98855	30.5568	-0.324105	-0.893145	-0.311846	235	0	179	3	1	1
0.0378395	0.688435	9.62217	3.6195	29.4725	0.571906	0.805827	-0.15351	233	0	180	3	1	1
0.0313924	0.492906	9.62459	3.99552	30.1854	-1.19786	0.12955	1.63227	235	545	181	3	1	1
0.0133926	1.52089	9.32955	4.02065	30.6421	0.737703	-0.66035	-0.140474	544	0	181	3	2	0
0.0225678	0.629554	9.43162	4.01565	30.0826	0.478288	0.838851	0.259943	235	0	182	3	1	0
0.0273251	1.21485	9.6427	3.9951	30.136	0.531484	-0.571594	-0.625144	235	548	183	3	1	1
0.00800318	0.940648	10.2884	3.3007	29.3765	0.787992	0.134476	-0.600821	547	0	183	3	2	0
0.0177345	0.694936	7.97613	3.92714	28.636	0.6673	0.227204	0.709288	237	0	184	3	1	1
0.0509115	1.04384	7.69961	3.42769	29.5494	-0.152085	-0.762315	0.629084	238	0	185	3	1	1
0.0474136	0.796664	7.25286	3.56995	29.8273	0.640049	1.07883	-0.0456606	239	552	186	3	1	1
0.0170546	1.46319	7.58284	4.30101	29.8764	0.630778	0.0869445	0.771077	551	0	186	3	2	0
0.0474136	0.456037	6.76658	3.66158	29.8733	0.745599	-1.33425	1.57234	239	554	187	3	1	1
0.0502342	0.787692	6.97237	3.44783	30.2397	-0.988414	0.0053423	0.151691	553	555	187	3	2	0
0.0349771	1.05991	6.19381	3.45204	30.3592	-0.80553	-0.261346	-0.531808	554	0	187	3	3	0
0.0443261	0.972498	7.70709	3.42258	29.5769	0.721366	0.689553	0.0644131	238	557	188	3	1	1
0.0155744	0.611051	8.40861	4.09317	29.6395	0.176378	0.193567	0.965102	556	0	188	3	2	0
0.0427341	1.58122	7.97325	3.44114	29.1792	0.273124	0.151398	0.949991	238	559	189	3	1	1
0.0123631	1.50556	8.40512	3.68054	30.6814	-0.707807	-0.502734	0.496253	558	0	189	3	2	0
0.0400552	0.495052	5.72612	4.57034	30.3444	-1.88122	-0.735559	0.0178614	240	561	190	3	1	1
0.0424772	1.0438	5.18957	4.39709	30.3458	0.351852	0.615196	-0.705503	560	562	190	3	2	0
0.0359263	1.06296	5.55684	5.03924	29.6094	-0.108351	0.503561	-0.857139	561	563	190	3	3	0
0.0283941	1.13444	5.44167	5.5745	28.6983	0.243203	0.414058	-0.877159	562	0	190	3	4	0
0.0402034	0.896883	6.43894	3.74915	29.9003	-0.651177	-0.599383	-0.465519	239	0	191	3	1	1
0.0443528	0.356386	5.89164	4.1016	30.0442	-1.39859	-0.620843	-2.35198	240	566	192	3	1	1
0.0173907	1.36183	5.69387	4.00654	29.8033	-0.541986	-0.79317	-0.277726	565	0	192	3	2	0
0.0363422	0.961389	5.48956	5.09653	30.7297	0.0071301	-1.04007	-0.0118487	241	568	193	3	1	1
0.0136695	0.682828	5.49603	4.14119	30.674	-0.450004	-0.881178	0.144991	567	0	193	3	2	0
0.0400552	0.270519	5.69306	4.65562	30.4099	-2.33998	-1.7034	2.29952	240	570	194	3	1	1
0.0147834	1.0407	5.4392	4.48267	30.5808	-0.526933	-0.483599	0.698909	569	0	194	3	2	0
0.0400552	0.805595	5.70621	4.80553	30.4553	1.20651	-0.291823	-0.00649342	240	572	195	3	1	1
0.018881	0.94813	6.47776	4.59758	30.3697	-0.516202	0.852998	0.077009	571	0	195	3	2	0
0.0372865	0.813127	5.73663	4.59154	30.3354	0.193738	0.80487	-0.560936	240	574	196	3	1	1
0.0102222	0.821793	5.89417	5.246	29.8793	0.414987	0.725	-0.549692	573	0	196	3	2	0
0.0186353	1.36852	4.67734	5.73174	31.0552	0.890221	-0.417224	0.18284	242	576	197	3	1	1
0.00669825	0.902798	5.89563	5.16076	31.3054	0.241253	0.829979	0.502922	575	0	197	3	2	0
0.0319595	0.174101	5.07505	5.30317	30.924	-0.309097	-1.52541	-5.52891	241	578	198	3	1	1
0.0325045	1.28494	5.06568	5.25693	30.7564	0.466033	0.530234	-0.708283	577	579	198	3	2	0
0.0376111	0.403778	5.6645	5.93825	29.8463	-0.92749	-0.162327	-0.336766	578	580	198	3	3	0
0.0347275	0.734826	5.29	5.87271	29.7104	-0.557336	-0.82614	-0.0828764	579	581	198	3	4	0
0.0308909	1.06923	4.88045	5.26564	29.6495	-0.215791	0.05083	-0.975116	580	582	198	3	5	0
0.0239519	1.82	4.64972	5.31999	28.6068	0.568725	0.476978	-0.670107	581	0	198	3	6	0
0.0319595	0.578371	5.01195	5.33621	30.9643	-0.679229	-1.58329	0.145773	241	584	199	3	1	1
0.0113017	1.22722	4.69776	4.8156	31.0631	-0.178788	-0.617864	0.765688	583	0	199	3	2	0
0.0486348	1.31729	7.19796	3.55107	29.7458	-0.14829	0.979843	0.133856	239	586	200	3	1	1
0.0468106	1.5893	7.00262	4.84181	29.9221	-0.150504	0.524797	0.837817	585	587	200	3	2	0
0.0393598	1.36023	6.76342	5.67587	31.2537	-0.00964335	0.624214	0.781194	586	0	200	3	3	0
0.0387378	1.0926	6.88529	2.72016	27.9908	0.30375	0.496934	0.812892	245	0	201	3	1	1
0.0569051	1.05781	7.09168	3.33443	28.0343	-0.772632	0.254242	0.581723	245	590	202	3	1	1
0.0827307	0.525859	6.27439	3.60337	28.6497	0.481384	0.318376	0.816643	589	591	202	3	2	0
0.0404311	0.917698	6.52753	3.77079	29.0791	0.230041	-0.868888	0.438308	590	0	202	3	3	0
0.04113	1.34988	6.86092	2.69209	27.9806	-0.442916	-0.360309	0.820977	245	0	203	3	1	1
0.0427986	1.5323	6.58526	2.47023	27.744	-0.590585	-0.193861	0.783344	246	0	204	3	1	1
0.0524696	1.30806	6.02358	2.48296	27.436	-0.152421	-0.0660661	-0.986105	246	0	205	3	1	0
0.0380234	1.02892	5.09783	2.66017	27.0455	-0.00545098	-0.889352	0.45719	248	0	206	3	1	1
0.0321721	0.903515	4.73604	2.8938	27.0674	-0.412436	-0.621058	0.666471	248	0	207	3	1	1
0.0273778	1.25411	3.19118	2.95401	26.3874	0.503202	-0.815959	0.284602	251	0	208	3	1	1
0.0345074	0.90378	2.74519	3.68542	26.2044	0.219144	0.13172	-0.96676	251	599	209	3	1	1
0.00903057	1.09455	2.94325	3.80447	25.3307	-0.145085	0.661685	0.735611	598	0	209	3	2	0
0.0226314	1.18796	3.15108	3.09822	26.3194	0.762738	-0.166862	-0.31462	251	601	210	3	1	1
0.0226698	0.282211	4.22748	2.86274	25.8754	0.487981	0.779546	-0.392661	600	602	210	3	2	0
0.0224274	1.01992	4.3652	3.08273	25.7646	0.483984	0.871362	-0.0805449	601	603	210	3	3	0
0.0248229	0.324949	4.85882	3.97145	25.6825	0.824944	0.564669	-0.0248229	602	604	210	3	4	0
0.0239286	0.344727	5.12689	4.15494	25.6744	0.577258	0.787148	-0.217189	603	605	210	3	5	0
0.0223052	0.757731	5.32588	4.42629	25.5995	0.541196	0.794113	-0.276571	604	0	210	3	6	0
0.0298017	2.94553	7.95234	3.41877	27.511	-0.0737254	-0.966692	0.245096	243	0	211	3	1	1
0.0475816	0.666028	10.0546	8.6812	26.1072	0.167327	-0.210916	0.963076	254	608	212	3	1	1
0.0416507	0.949098	10.1661	8.54073	26.7486	0.378882	0.425164	0.822	607	609	212	3	2	0
0.0388418	0.674824	10.5257	8.94425	27.5287	0.719588	0.601935	-0.346219	608	0	212	3	3	0
0.0025	1.10388	9.6241	8.8422	26.1477	-0.0265164	-0.843257	0.329944	254	611	213	3	1	1
0.00171298	0.850536	9.58306	7.85411	26.6531	0.999444	-0.0246235	0.0224651	610	0	213	3	2	0
0.00221388	1.02441	10.3701	7.31188	25.5463	-0.960409	0.198587	0.19539	256	0	214	3	1	1
0.0724305	0.305014	10.6578	9.71869	26.1514	-2.74213	0.811463	1.60345	259	614	215	3	1	1
0.02598	0.830158	10.3802	9.80487	26.2697	-0.922031	-0.340757	0.183694	613	0	215	3	2	0
0.0344121	0.350453	10.8853	10.719	29.0467	0.931853	-0.264805	0.248048	264	0	216	3	1	1
0.0213196	0.70816	10.8687	10.7179	29.1124	-0.367574	0.925753	-0.0887206	264	0	217	3	1	1
0.0444323	0.691784	11.8021	10.7681	29.2776	0.279527	0.304693	0.910509	267	0	218	3	1	1
0.0569505	0.459625	11.8835	10.7029	29.271	0.971687	0.545008	1.8688	268	619	219	3	1	1
0.0226359	0.934217	12.1039	10.8139	29.6177	0.971452	0.222681	-0.0818229	618	0	219	3	2	0
0.0761695	0.566711	11.5688	11.3503	28.9704	0.211818	-0.209678	0.954551	267	621	220	3	1	1
0.0680877	0.760739	11.6889	11.2315	29.5113	-0.521624	-0.822664	0.226125	620	622	220	3	2	0
0.0492685	0.698147	11.2921	10.6056	29.6833	0.714104	-0.697059	0.0645275	621	623	220	3	3	0
0.0337355	0.827652	11.7906	10.119	29.7284	0.263456	-0.28711	0.920955	622	0	220	3	4	0
0.0797836	0.883105	9.95011	9.84334	24.5905	0.703138	-0.233551	-0.671603	271	625	221	3	1	1
0.0818742	1.10379	10.5711	9.63709	23.9974	0.726058	0.640024	-0.251414	624	626	221	3	2	0
0.0721144	0.939554	11.3725	10.3435	23.7199	-0.37301	0.856047	0.357836	625	627	221	3	3	0
0.0825206	0.633178	11.022	11.1478	24.0561	-0.968156	0.0292694	-0.24863	626	628	221	3	4	0
0.054934	0.758209	10.409	11.1664	23.8987	-0.307248	0.351127	0.884482	627	629	221	3	5	0
0.0509522	1.05631	10.176	11.4326	24.5693	-0.876886	0.015898	0.480436	628	630	221	3	6	0
0.0412761	0.403325	9.24977	11.4494	25.0768	-0.350673	0.933807	0.0709493	629	0	221	3	7	0
0.0693268	0.68402	11.7601	9.70686	25.2725	0.92756	0.199221	-0.316137	274	0	222	3	1	1
0.0277102	0.595804	10.0209	11.9722	30.2242	0.943445	0.309624	0.118512	279	0	223	3	1	1
0.0265958	0.559365	9.96248	12.2447	30.303	0.605665	-0.156683	0.780141	279	0	224	3	1	1
0.0274351	0.496582	9.82041	12.6503	30.396	-0.687474	-0.155336	0.709402	279	0	225	3	1	1
0.0389634	0.710395	9.94612	11.5879	29.9393	0.635047	0.516622	-0.574297	278	0	226	3	1	0
0.0021264	1.03497	9.58502	12.3238	31.1934	-0.062108	0.630999	-0.773294	283	0	227	3	1	1
0.00202628	0.822952	9.55327	12.3285	31.2791	-0.0949597	0.957446	-0.272543	283	0	228	3	1	1
0.0248224	1.3788	8.40578	10.8734	28.5876	-0.532213	-0.174114	0.828513	286	639	229	3	1	1
0.00587158	1.13837	7.67196	10.6333	29.7299	-0.26176	0.158772	0.951984	638	0	229	3	2	0
0.0375413	2.9491	7.72562	12.0859	30.5179	0.166265	0.192608	-0.224139	289	641	230	3	1	1
0.0385956	0.754037	9.19955	13.6832	28.5599	0.82661	0.546337	0.135023	640	642	230	3	2	0
0.0355118	1.71261	9.82284	14.0952	28.6618	0.73817	-0.656611	-0.154813	641	643	230	3	3	0
0.0276965	2.27039	11.087	12.9707	28.3966	0.80144	-0.510512	0.311564	642	0	230	3	4	0
0.0374775	0.791262	7.7467	12.0322	30.4827	0.997948	0.0482469	0.0421022	289	645	231	3	1	1
0.0384088	0.938577	8.53633	12.0703	30.516	0.415846	-0.333064	0.846251	644	646	231	3	2	0
0.0320809	1.42835	8.92664	11.7577	31.3103	-0.400084	0.324986	0.856923	645	0	231	3	3	0
0.0426644	0.888101	8.07331	11.5466	29.3662	-0.592305	0.790307	0.15681	287	648	232	3	1	1
0.0392884	1.00889	7.54729	12.2485	29.5055	-0.297443	0.279802	0.912819	647	649	232	3	2	0
0.0436928	1.21265	7.2472	12.5308	30.4264	0.781594	0.606688	-0.145054	648	650	232	3	3	0
0.0367031	1.17444	8.195	13.2665	30.2505	-0.159805	0.408009	-0.898883	649	651	232	3	4	0
0.0267438	0.991398	8.00732	13.7457	29.1948	-0.644865	0.564171	0.515616	650	0	232	3	5	0
0.0256558	0.625004	7.71648	12.1223	30.5419	-0.178778	-0.552394	0.814187	289	0	233	3	1	1
0.0288571	0.832941	6.8059	12.7552	31.4016	0.849788	0.265301	-0.455496	290	0	234	3	1	1
0.023382	0.578588	8.63886	6.56923	30.3158	-0.705513	-0.497508	0.504716	297	0	235	3	1	1
0.0237947	0.478389	8.43411	6.85947	30.4284	-2.0254	-0.0158388	-0.516796	297	656	236	3	1	1
0.00877214	1.18173	7.97417	6.80501	30.189	0.380244	0.835049	-0.397628	655	0	236	3	2	0
0.0217329	0.750864	9.15908	5.72071	29.839	0.274188	-0.325667	0.904855	298	0	237	3	1	1
0.0349658	0.904388	8.51476	5.39389	30.5474	-0.0101262	-0.809145	0.587522	300	0	238	3	1	1
0.0462728	0.599549	8.7738	4.96656	30.5567	0.653289	-0.0560558	-0.755031	301	660	239	3	1	1
0.0474117	0.599531	9.16548	4.93296	30.104	0.28904	-0.481545	-0.827388	659	661	239	3	2	0
0.0364638	0.701778	9.33877	4.64426	29.608	0.190029	0.547861	-0.814701	660	0	239	3	3	0
0.0443674	0.629705	8.54535	5.39665	30.5058	-0.0273008	-1.02938	-1.20893	300	663	240	3	1	1
0.0168536	0.909023	8.61829	5.054	29.9917	0.22011	-0.919897	0.324563	662	0	240	3	2	0
0.00175543	0.596819	8.59692	6.52809	32.0433	-0.635589	0.728635	0.255183	305	0	241	3	1	1
0.0469603	0.648922	9.42055	6.54686	30.9912	-0.465302	0.873055	-0.145841	307	0	242	3	1	1
0.0397328	0.969365	9.28335	6.44519	30.8232	0.509168	-0.186211	-0.840281	307	0	243	3	1	1
0.0435746	0.850737	9.30221	6.4574	30.8457	0.782603	0.253658	-0.568498	307	0	244	3	1	1
0.0475894	0.617724	9.72587	6.75157	31.5151	-0.816793	-0.194058	0.543315	307	0	245	3	1	0
0.0475894	0.546255	9.64369	6.65963	31.2558	1.52955	0.232914	-0.978515	307	670	246	3	1	1
0.0519327	1.29481	10.0847	6.72915	31.0203	0.830369	-0.549159	0.0944002	669	671	246	3	2	0
0.0335659	1.19754	11.1599	6.01809	31.1425	0.967492	0.0877611	0.237187	670	0	246	3	3	0
0.0421557	2.50577	10.362	7.31799	31.5513	-0.96835	0.0673295	-0.240344	309	0	247	3	1	0
0.0472414	0.345673	10.4509	8.41291	31.4057	-1.20056	1.33657	-2.26741	309	674	248	3	1	1
0.0474768	1.77155	10.292	8.54743	31.1283	-0.935345	0.351512	-0.0396262	673	675	248	3	2	0
0.0326645	1.24669	8.63496	9.17016	31.0581	-0.687435	0.574472	-0.444315	674	0	248	3	3	0
0.0475894	0.687698	10.2633	7.48153	31.5825	0.654084	0.902939	-0.933467	308	677	249	3	1	1
0.0185078	0.944362	10.5767	7.92195	31.1582	0.645553	0.283835	-0.709013	676	0	249	3	2	0
0.033905	0.898831	10.4244	9.15318	31.2775	0.793308	-0.121613	-0.59655	309	0	250	3	1	1
0.0258182	0.812925	9.79098	10.1744	31.4115	-0.67351	0.660107	-0.332631	310	0	251	3	1	1
0.0302909	0.839444	10.1456	9.72686	31.3677	0.332373	0.879803	-0.339817	310	0	252	3	1	1
0.0360317	0.386323	10.0497	9.85176	31.3581	0.891959	0.131956	-2.42639	310	682	253	3	1	1
0.0360646	0.874756	10.1986	9.87643	31.0229	0.874021	0.227931	-0.42911	681	683	253	3	2	0
0.0300647	0.711806	10.9632	10.0758	30.6475	0.961405	0.131612	0.241616	682	0	253	3	3	0
0.0375006	0.645473	9.77968	10.3194	31.4576	0.308255	0.554252	-0.773165	310	0	254	3	1	1
0.0475894	1.30159	9.62308	6.67859	31.2437	0.529779	0.534022	-0.156275	307	686	255	3	1	0
0.0193803	0.95014	10.5206	7.5833	30.9789	-0.794981	0.152504	-0.587153	685	0	255	3	2	0
0.0338143	1.11639	9.72634	9.96883	27.9206	0.768317	-0.488905	0.413111	312	0	256	3	1	1
0.0594035	0.385263	9.97631	9.00177	28.4362	-0.7629	-0.265992	-0.589264	314	0	257	3	1	1
0.00250618	1.22778	12.2476	10.5624	28.3272	-0.110491	-0.98488	0.133431	318	0	258	3	1	1
0.062666	1.17875	11.0915	9.92887	27.7644	0.383299	-0.851526	0.35775	317	0	259	3	1	1
0.0269156	0.586358	9.70108	9.52132	30.0536	0.586536	-0.614498	0.527606	322	0	260	3	1	1
0.0248962	1.20288	7.81681	7.65867	32.2598	-0.205112	-0.431424	-0.878523	326	0	261	3	1	1
0.0128836	0.620524	10.3486	11.0691	30.655	0.111411	0.141179	0.983695	330	0	262	3	1	1
0.0203617	1.25502	10.7572	11.2009	30.1472	-0.278638	0.946056	0.165345	332	0	263	3	1	1
0.0274184	0.242008	10.6619	10.9124	29.9536	2.60549	-2.70088	1.72941	332	696	264	3	1	1
0.0114575	0.924295	10.8145	10.7543	30.0549	0.758499	-0.303769	0.576545	695	0	264	3	2	0
0.0200167	0.544503	10.7024	11.0127	29.9824	0.667568	-0.509879	-0.542565	332	0	265	3	1	1
0.0211263	0.573664	10.8602	11.4786	30.324	-0.847972	0.172278	-0.501263	332	0	266	3	1	1
0.0452043	1.20754	7.70177	10.1163	32.02	0.81649	0.112711	0.0802419	338	700	267	3	1	0
0.0140061	1.03519	8.89233	10.2807	32.137	0.106366	-0.992349	-0.0626823	699	0	267	3	2	0
0.0296256	0.324327	7.5668	10.7199	32.0106	0.839725	0.510762	0.184348	339	0	268	3	1	1
0.00281074	0.40439	6.14356	9.93066	30.8479	-0.544803	0.277146	0.791441	345	0	269	3	1	1
0.0287909	0.195953	6.79627	9.52143	31.155	2.34135	-1.19553	-4.37403	344	704	270	3	1	1
0.0115519	1.15317	6.84514	9.4395	31.0236	-0.620363	0.486605	0.615114	703	0	270	3	2	0
0.0321698	0.738445	5.95698	10.356	32.1514	-0.731462	0.550106	-0.402922	348	0	271	3	1	1
0.0356517	0.434538	5.95219	10.1503	32.1292	-1.89729	-0.889641	0.9512	348	707	272	3	1	1
0.0142165	1.14751	5.69057	9.94003	32.2311	0.0850491	-0.624816	0.776126	706	0	272	3	2	0
0.0525387	0.677329	4.91265	8.30682	32.4551	0.903545	0.048826	0.425703	353	0	273	3	1	1
0.0400639	0.735096	5.1614	8.21235	32.0948	0.168839	-0.335254	0.926875	352	0	274	3	1	1
0.0230098	0.633692	6.20617	9.82336	25.1131	-0.322916	-0.0751223	0.943442	355	0	275	3	1	1
0.0352243	0.660233	6.12044	10.0106	25.3461	-0.324391	0.232605	0.916878	355	0	276	3	1	0
0.0352361	0.91394	7.58831	10.0927	25.902	0.599286	0.657485	0.636996	359	713	277	3	1	0
0.0027092	0.194218	8.09487	10.6386	26.4329	0.557193	0.829166	-0.0449369	712	0	277	3	2	0
0.0505694	0.897412	6.67037	14.292	26.625	-0.676905	-0.810744	0.355235	370	715	278	3	1	0
0.0203229	0.950713	6.12523	13.6391	26.9111	-0.0751812	-0.994881	0.0675236	714	0	278	3	2	0
0.040794	1.55759	7.69847	12.6573	26.7711	0.00850698	0.851847	0.523722	366	717	279	3	1	0
0.0485251	1.02784	7.71172	13.9841	27.5869	0.999993	-0.00251444	0.00259424	716	718	279	3	2	0
0.0481123	0.957217	8.73956	13.9816	27.5896	0.96979	-0.237851	-0.0541643	717	0	279	3	3	0
0.0615431	0.875729	7.3681	13.2095	26.7011	0.911912	0.318557	-0.258725	367	720	280	3	1	1
0.0527813	0.772609	8.16669	13.4885	26.4746	0.902582	-0.408753	-0.135152	719	721	280	3	2	0
0.050575	0.792387	8.86403	13.1727	26.3702	0.791604	-0.316287	-0.522806	720	722	280	3	3	0
0.0320625	1.36081	9.49129	12.922	25.9559	0.8431	0.238328	0.482059	721	0	280	3	4	0
0.0523531	0.318561	7.12795	13.6371	26.3514	-1.80525	-1.86664	-1.76375	367	724	281	3	1	1
0.0556216	1.31797	7.04315	13.4821	26.2712	0.869959	-0.469166	-0.151841	723	725	281	3	2	0
0.0582925	0.687774	8.18973	12.8637	26.0711	0.788248	0.211658	-0.577812	724	726	281	3	3	0
0.042218	1.0469	8.73187	13.0093	25.6737	0.736535	0.648591	-0.191953	725	727	281	3	4	0
0.0287383	0.873335	9.50294	13.6883	25.4727	0.908486	-0.012838	-0.417718	726	0	281	3	5	0
0.0491647	1.08871	7.38666	13.1291	26.7316	-0.904284	0.286171	0.316823	367	0	282	3	1	1
0.0155379	0.66022	7.16697	13.8316	26.2444	0.92161	-0.359616	-0.145986	368	0	283	3	1	1
0.050608	1.04381	7.28122	13.3575	26.589	0.041382	0.386897	0.921194	367	0	284	3	1	1
0.0435732	0.729	7.04284	14.4373	26.1184	0.941032	0.312529	0.129555	368	0	285	3	1	1
0.0334829	0.849399	8.14467	15.187	26.7345	-0.334005	-0.633491	0.697946	372	0	286	3	1	1
0.0434296	1.12557	8.82595	15.3221	26.7307	0.277849	-0.95878	0.0595062	373	0	287	3	1	1
0.0400476	0.646018	8.64866	15.1186	26.6996	0.147297	-0.911913	-0.383039	372	0	288	3	1	1
0.0353684	1.52183	8.28245	11.5836	26.3581	0.853856	0.352315	0.38315	363	736	289	3	1	0
0.00344838	0.618567	9.58187	12.1198	26.9412	0.736655	0.41049	0.537436	735	0	289	3	2	0
0.0486431	0.516168	7.86556	11.3505	28.5266	0.686661	1.70975	-0.59884	376	738	290	3	1	1
0.0224961	0.747426	8.02869	11.7501	28.4027	-0.150332	-0.508272	-0.847974	737	0	290	3	2	0
0.052879	1.21263	5.66523	10.4069	26.5733	0.298952	0.509509	-0.806863	377	0	291	3	1	1
0.00226458	0.47996	5.21523	9.79879	27.2865	0.600553	-0.794565	-0.0894569	379	0	292	3	1	1
0.00210517	0.546979	5.25946	9.82511	27.3099	-0.26184	0.492338	0.830086	379	0	293	3	1	1
0.00355832	0.741904	4.95535	10.1159	28.1941	0.0939011	0.864192	-0.494322	382	0	294	3	1	1
0.0359571	0.215963	5.28405	13.2988	30.2999	3.36198	-1.84747	-2.59322	386	744	295	3	1	1
0.0654658	0.394571	5.43111	13.1984	30.1972	-0.0657687	-0.657325	-0.750732	743	745	295	3	2	0
0.0268933	0.733922	5.40516	12.939	29.901	-0.793214	-0.0583253	-0.606143	744	0	295	3	3	0
0.0485462	0.570401	5.80029	12.5411	29.2027	-0.857748	0.347731	0.378617	383	0	296	3	1	1
0.0383611	0.731973	5.58785	13.5608	29.9648	0.922934	0.0428356	0.382568	386	0	297	3	1	1
0.01975	0.938772	6.24415	11.2376	28.4914	-0.517484	0.417125	0.747139	383	0	298	3	1	1
0.0162289	0.843847	6.56918	11.9308	31.3307	-0.273069	0.936719	0.219069	389	0	299	3	1	1
0.0025	0.693595	7.22291	11.6523	31.707	1.31251	-0.328672	-0.497961	390	751	300	3	1	1
0.00173396	1.07367	7.87046	11.4984	31.4848	-0.34606	0.918432	0.191637	750	0	300	3	2	0
0.0255645	0.85801	6.21493	11.1189	31.5399	-0.605237	0.370266	0.924637	392	753	301	3	1	1
0.0268385	1.26675	5.71974	11.3434	32.1386	0.171908	0.982094	-0.0770617	752	754	301	3	2	0
0.0213252	1.02062	5.9375	12.5875	32.041	-0.281125	0.505423	-0.815792	753	0	301	3	3	0
0.0223718	1.67652	6.21422	11.0733	31.5293	0.450302	0.73521	0.50665	392	0	302	3	1	1
0.0205311	1.38077	6.27716	10.7356	31.5299	0.267721	0.633706	0.72577	393	0	303	3	1	1
0.0430405	0.874695	5.24482	7.07183	29.6453	0.489434	0.867094	0.0927486	396	0	304	4	1	1
0.0305936	0.77287	5.2076	7.03021	29.878	-0.00133075	0.999822	0.0188219	397	0	305	4	1	1
0.0302157	0.913446	5.23036	6.99535	29.9739	0.649637	0.609838	0.453948	397	0	306	4	1	1
0.02966	0.855923	5.15643	6.88695	30.5788	-0.86866	-0.209592	0.448889	397	0	307	4	1	1
0.0431862	1.38043	3.68729	7.03279	28.8801	-0.892094	-0.017159	0.451523	399	0	308	4	1	1
0.0372794	0.567138	3.46489	6.98336	28.8578	-0.122838	0.151932	0.980728	399	0	309	4	1	1
0.0536612	0.806406	4.42854	7.41455	29.8543	-0.802403	-0.412555	0.431217	402	0	310	4	1	1
0.0488018	0.300638	5.83059	7.38737	30.9666	0.707112	-0.597779	-0.377694	407	0	311	4	1	0
0.0488018	0.426021	5.43286	6.95717	31.2645	-0.459724	-0.403973	0.79086	407	0	312	4	1	0
0.0388159	0.622146	4.38044	9.86752	33.0412	0.137599	-0.833437	0.535209	408	0	313	4	1	0
0.0376333	1.35451	4.19171	10.2064	33.0376	-0.375422	-0.172351	-0.910689	408	768	314	4	1	0
0.0110938	0.774672	3.6832	9.97293	31.8041	0.101125	0.342872	-0.933923	767	0	314	4	2	0
0.0259009	0.975082	4.56917	10.0943	29.423	0.893535	-0.295014	0.338471	415	0	315	4	1	1
0.0217241	0.739707	4.92308	9.53044	32.3744	0.724524	-0.51758	0.455166	421	0	316	4	1	1
0.0196375	0.355392	4.86129	11.7528	30.3097	-1.45676	-1.9405	-1.42469	430	772	317	4	1	1
0.00837401	0.734059	4.68323	11.5227	30.119	-0.431528	-0.543749	-0.719807	771	0	317	4	2	0
0.0203759	0.773648	4.78792	11.9023	31.3565	0.168317	0.0719914	0.983101	429	0	318	4	1	1
0.0318657	0.574572	4.51733	11.7835	31.6444	-1.4857	0.045257	-0.905391	428	775	319	4	1	1
0.0118087	1.67	4.02538	11.797	31.3595	0.532389	0.777617	0.334476	774	0	319	4	2	0
0.0241417	1.6995	4.08078	6.67309	25.1777	-0.205365	-0.133485	0.535004	432	777	320	4	1	1
0.0116645	1.36927	3.44198	6.37358	26.0227	-0.538254	-0.842632	-0.0159442	776	0	320	4	2	0
0.0455876	0.552624	4.54236	7.80377	24.7065	0.966041	0.245864	0.079466	435	0	321	4	1	1
0.0110908	0.88113	6.18149	6.3569	28.8824	0.723708	-0.0220373	0.689754	443	0	322	4	1	0
0.0286373	0.948281	6.13319	6.44301	29.3164	-0.0242633	-0.386467	0.921984	444	0	323	4	1	1
0.0368211	0.258187	5.64567	6.33372	30.8909	-2.46555	2.95582	-0.430774	446	782	324	4	1	1
0.0158079	1.27297	5.50133	6.47761	30.8539	0.760045	0.402379	0.510316	781	0	324	4	2	0
0.0257363	0.748374	5.47198	6.112	31.7016	-0.348811	-0.891222	-0.289922	447	0	325	4	1	1
0.0534168	0.400176	3.08565	11.556	28.1385	-0.280857	-0.674725	0.682543	464	0	326	4	1	0
0.0206734	0.647204	3.23132	12.2512	28.8103	-0.530604	-0.326702	-0.782128	467	0	327	4	1	1
0.0483929	1.12698	3.44491	8.04874	26.9006	0.329501	0.940134	0.0870429	470	0	328	4	1	1
0.0390752	0.843685	3.1403	7.47965	27.456	-0.0141513	-0.19223	0.981248	471	788	329	4	1	1
0.0149901	0.337964	3.12836	7.31747	28.2839	-0.0363954	-0.997674	-0.0576385	787	0	329	4	2	0
0.0353713	0.981548	2.52621	7.72448	28.2068	-0.717497	0.693392	0.0663823	472	0	330	4	1	1
0.0371772	1.20804	2.45356	7.74966	28.3378	-0.798277	-0.539888	0.266972	473	0	331	4	1	1
0.0383788	1.25256	3.41575	7.99499	26.9567	-0.158303	-0.954589	-0.252389	470	0	332	4	1	0
0.00220105	1.32695	2.93381	6.67089	30.2329	0.679927	-0.720571	0.135928	477	0	333	4	1	1
0.0363369	0.533174	3.64463	5.77755	28.4973	0.653503	-0.562178	-0.506842	480	0	334	4	1	0
0.0140669	0.218151	2.20325	10.1954	30.6163	0.20491	0.880464	0.427546	482	0	335	4	1	1
0.0261593	0.207522	1.3426	10.5032	30.6411	1.71087	-2.40766	3.80745	485	796	336	4	1	1
0.0313996	0.818116	1.434	10.4032	30.7836	0.547845	-0.740767	-0.388755	795	797	336	4	2	0
0.0218822	1.01011	1.8822	9.7972	30.4656	0.346113	-0.105596	-0.932231	796	0	336	4	3	0
0.0227701	1.00916	1.35665	10.5053	30.6557	0.623771	0.317464	-0.714232	485	799	337	4	1	1
0.00790735	0.727138	1.98614	10.8257	29.9349	0.814825	-0.154493	-0.558742	798	0	337	4	2	0
0.0261593	0.449476	1.27044	10.4837	30.5564	1.78512	-0.731734	-1.10803	485	801	338	4	1	1
0.0266372	1.02156	1.58972	10.3345	30.2743	0.662185	-0.0226656	-0.748998	800	802	338	4	2	0
0.0259675	0.609357	2.26619	10.3114	29.5092	0.664778	-0.474952	-0.57662	801	803	338	4	3	0
0.0219389	1.17685	2.67127	10.022	29.1578	0.631988	-0.311482	-0.709627	802	0	338	4	4	0
0.0256023	1.01159	1.00558	10.3904	30.2879	0.711536	-0.651617	-0.262892	485	0	339	4	1	1
0.0190405	0.987213	0.886077	10.6586	30.0965	0.858945	-0.199862	-0.471454	486	0	340	4	1	1
0.0183428	0.648315	0.402412	11.5435	29.387	0.738135	-1.27016	-0.470141	486	807	341	4	1	1
0.018392	0.830616	0.713992	11.0235	29.1354	0.924023	-0.377027	-0.0635021	806	808	341	4	2	0
0.0187608	0.699904	1.4815	10.7103	29.0826	0.802457	-0.560533	-0.20461	807	809	341	4	3	0
0.0212639	0.614733	2.04314	10.318	28.9394	0.309639	0.947635	-0.0781728	808	0	341	4	4	0
0.022965	1.04622	0.621537	11.1407	29.7192	0.0201784	0.372522	0.880011	486	811	342	4	1	1
0.0235654	1.20243	0.553928	11.7187	30.4558	0.973243	0.214057	0.0835313	810	812	342	4	2	0
0.026333	0.566118	1.72419	11.9761	30.5562	0.31019	0.932841	0.183276	811	813	342	4	3	0
0.0211822	0.96059	1.89979	12.5042	30.66	0.719565	-0.260648	-0.643653	812	814	342	4	4	0
0.018184	1.23399	2.591	12.2539	30.0417	0.75904	-0.435454	-0.483982	813	0	342	4	5	0
0.0129641	0.526599	2.80384	10.6344	29.9479	0.0900288	0.349158	0.932729	487	0	343	4	1	1
0.00942745	1.77698	1.87675	10.7158	31.7243	-0.111988	0.900417	-0.420366	492	0	344	4	1	0
0.0232325	0.536863	3.59487	12.1498	30.3277	-1.60394	0.886975	0.331961	495	818	345	4	1	1
0.00941576	1.26041	3.17537	12.3599	30.5183	-0.230416	0.708227	0.667325	817	0	345	4	2	0
0.0206171	0.679613	4.15709	12.8107	30.729	-0.900646	0.191778	-0.389945	500	0	346	4	1	0
0.0164131	0.847246	4.56264	12.3456	30.0091	0.964301	-0.0190229	0.264124	501	0	347	4	1	1
0.0215209	0.350152	3.94654	12.842	31.229	-0.110053	0.468304	0.876687	503	0	348	4	1	1
0.0198349	0.879671	4.2711	13.3767	30.5745	0.829746	-0.529411	-0.176766	504	0	349	4	1	1
0.022883	1.51552	4.89172	9.71319	26.9366	-0.333603	0.0304635	0.942221	510	0	350	4	1	1
0.00736094	0.61638	7.55037	5.31361	29.8432	0.395344	0.261557	-0.880506	516	0	351	4	1	1
0.0171741	0.806426	7.64188	4.65556	29.6897	0.584012	0.759322	-0.286984	515	0	352	4	1	1
0.0183726	0.537457	8.19597	4.7491	29.3942	0.13614	0.303029	-0.943207	520	0	353	4	1	1
0.0180468	0.712247	8.23688	4.78904	29.4421	0.407811	-0.0154126	-0.912936	520	0	354	4	1	1
0.0221617	0.674523	6.68775	6.74209	24.9033	-0.51919	-0.740116	0.427398	524	829	355	4	1	1
0.002742	0.48655	6.33755	6.24287	25.1916	-0.48108	-0.824537	0.297827	828	0	355	4	2	0
0.0395563	0.55584	6.49913	5.39601	26.5378	0.382161	-0.804183	0.45524	527	831	356	4	1	0
0.00935833	0.807646	6.71155	4.94901	26.7909	0.257631	-0.839263	0.478815	830	0	356	4	2	0
0.0454678	0.58354	6.40118	5.12739	26.963	-1.50788	-0.540384	0.609081	528	833	357	4	1	0
0.0347824	0.594666	5.87015	4.97091	27.1952	-0.899322	-0.406675	-0.160734	832	834	357	4	2	0
0.0383866	0.837859	5.33536	4.72907	27.0996	-0.991773	-0.0507319	0.117529	833	835	357	4	3	0
0.0380523	0.795168	4.50439	4.68657	27.198	-0.793436	-0.268624	0.546168	834	836	357	4	4	0
0.026909	0.8548	3.87348	4.47296	27.6323	-0.996868	-0.0374807	0.0696383	835	0	357	4	5	0
0.0449367	0.679831	6.45709	5.04805	26.9483	-0.388112	-1.39429	0.262731	528	838	358	4	1	0
0.0142577	0.671341	6.2833	4.40515	27.0839	0.0342626	-0.98694	-0.157404	837	0	358	4	2	0
0.0525002	0.95969	6.7216	4.35756	27.69	0.281297	-0.218216	0.934481	531	0	359	4	1	0
0.0359725	0.584747	6.10696	3.72711	27.3405	-0.623784	-0.289343	-0.726068	532	841	360	4	1	1
0.00803426	0.664224	5.74221	3.55792	26.9159	-0.786907	-0.615141	0.048762	840	0	360	4	2	0
0.0423718	0.725603	5.74068	3.79431	27.4752	-0.61579	-0.538799	-0.574889	533	0	361	4	1	1
0.0127967	0.679711	10.1603	5.9276	29.6243	-0.826888	-0.107282	0.552039	537	0	362	4	1	1
0.0181057	0.615152	9.93361	3.46278	30.5295	-0.863236	-0.457785	-0.212736	545	0	363	4	1	1
0.0186018	0.549414	10.1206	3.48683	29.5426	0.635538	0.0111129	0.77199	547	0	364	4	1	1
0.0450429	0.663292	7.56583	2.93288	29.915	-0.687044	-0.408702	0.600777	550	0	365	4	1	0
0.0026257	0.315935	8.27038	4.40399	30.6947	-0.979592	0.169723	0.107675	552	0	366	4	1	1
0.0450429	0.282546	6.86383	3.49359	30.2786	1.14043	1.58897	2.94972	554	849	367	4	1	1
0.0169569	0.701215	6.82299	3.71245	30.5566	0.347427	0.843594	-0.409442	848	0	367	4	2	0
0.00210204	0.568875	8.50153	4.17387	30.1133	0.342979	-0.0950444	-0.934522	557	0	368	4	1	1
0.0302172	0.665677	8.47023	3.71037	30.7629	0.776697	0.267716	-0.570149	558	0	369	4	1	1
0.0396544	1.01892	8.50755	3.78616	31.1063	-0.413167	0.874771	0.253117	558	0	370	4	1	0
0.0160776	1.06756	5.30757	3.45725	29.5938	0.205266	0.591695	-0.779591	566	0	371	4	1	1
0.0332926	0.874761	6.59296	4.62178	30.4239	-0.438935	0.774807	-0.454983	571	0	372	4	1	1
0.013169	1.01876	5.60654	5.28966	31.2286	0.00230325	0.521368	-0.853329	575	0	373	4	1	1
0.0142897	0.568788	5.51116	5.33363	31.2093	0.756709	0.472434	-0.451882	575	0	374	4	1	1
0.0067542	1.31141	5.93358	5.27828	31.3837	-0.506291	-0.449998	0.735644	576	0	375	4	1	1
0.00241807	0.610049	4.61497	4.49952	31.44	-0.175751	-0.792723	-0.583697	584	0	376	4	1	1
0.0371987	1.0238	7.15265	3.81657	29.7334	-0.127875	0.290653	-0.948245	585	0	377	4	1	1
0.0450429	0.535968	6.88573	5.1541	30.3613	-0.00061571	1.44334	-1.18234	586	861	378	4	1	1
0.0503127	1.16784	6.81864	5.50083	30.1431	0.561269	0.820302	0.10992	860	862	378	4	2	0
0.0326568	1.05391	7.47411	6.4588	30.2715	-0.668161	0.617515	0.415014	861	0	378	4	3	0
0.037746	1.41421	6.83456	5.26987	30.5932	-0.47925	-0.638072	0.602647	586	0	379	4	1	1
0.0494948	0.879941	6.75047	5.56142	31.061	-0.333954	-0.711525	0.618229	586	0	380	4	1	1
0.043191	1.28787	6.74244	5.92626	31.5106	-0.674103	-0.490319	0.552424	587	0	381	4	1	1
0.0571019	0.343724	6.10729	3.46688	28.4843	-0.88587	0.302004	-0.352175	590	0	382	4	1	1
0.0284033	0.432384	5.10584	2.14364	27.2702	0.929807	-0.211401	0.301278	595	0	383	4	1	1
0.0341406	1.1963	7.85952	2.59182	27.7243	0.455552	-0.124611	0.881445	606	869	384	4	1	1
0.0110375	0.947208	8.4045	2.44275	28.7787	-0.906077	-0.173644	0.385841	868	0	384	4	2	0
0.0183007	0.73277	11.0425	10.71	29.084	0.683435	-0.723073	-0.100409	615	0	385	4	1	1
0.0270515	1.46064	11.9266	10.9637	29.8244	0.320936	-0.776165	0.542741	617	0	386	4	1	0
0.0484614	0.707244	11.5821	11.3343	29.292	0.285549	0.677867	0.677464	620	0	387	4	1	1
0.054103	0.825593	11.8195	11.2047	29.7939	0.779785	-0.244677	0.576254	620	0	388	4	1	0
0.0364647	0.542503	11.8078	10.0722	29.7659	-0.242219	-0.733341	-0.635248	623	0	389	4	1	0
0.0676268	1.19732	10.6485	9.61453	24.0319	0.889232	-0.218504	0.4019	624	0	390	4	1	1
0.0802317	0.485732	11.2096	10.8697	23.971	0.35277	0.525652	0.774108	626	0	391	4	1	1
0.00198493	1.79816	7.61297	10.6758	29.9513	0.515311	0.701747	0.491942	639	0	392	4	1	1
0.0356642	0.628945	9.25238	13.6803	28.5433	0.32726	-0.514188	1.4685	641	879	393	4	1	1
0.0124629	0.881784	9.33225	13.4282	29.1833	0.881103	-0.254411	0.398664	878	0	393	4	2	0
0.0293779	1.18308	9.64331	14.0179	28.653	-0.972568	0.2162	0.085838	641	0	394	4	1	1
0.0204432	1.80679	11.8253	12.4697	28.6995	-0.990548	0.102377	0.0912829	643	0	395	4	1	1
0.0317767	0.38766	10.772	13.271	28.4322	-0.840575	-2.03808	-1.33936	642	883	396	4	1	1
0.00976226	1.31252	10.611	12.9559	28.2898	-0.823608	-0.299166	-0.481839	882	0	396	4	2	0
0.0334413	3.80276	9.87091	14.0185	28.6733	0.666068	-0.742054	0.0755578	642	0	397	4	1	1
0.0192218	1.23926	12.3174	12.1577	28.8934	-0.344643	0.479366	0.807112	643	0	398	4	1	1
0.0203868	1.59712	12.5612	12.0008	28.9851	0.241957	-0.969505	0.0389378	643	887	399	4	1	1
0.0071333	0.81586	12.9477	10.4523	29.0473	-0.117142	-0.986076	0.11803	886	0	399	4	2	0
0.0356642	0.762084	9.37562	13.7651	28.612	-0.835531	-0.658782	0.767947	641	889	400	4	1	1
0.0360951	1.38785	8.97127	13.3074	29.1698	-0.618395	-0.775239	-0.128809	888	890	400	4	2	0
0.0356243	1.34905	8.11303	12.2315	28.991	-0.599654	0.800174	0.011677	889	891	400	4	3	0
0.0269593	1.46243	7.30407	13.311	29.0068	-0.541969	0.355628	0.761445	890	0	400	4	4	0
0.0631128	0.563111	8.89232	11.8149	31.2686	-0.840663	0.490849	-0.228808	645	893	401	4	1	1
0.0106162	0.898956	8.41893	12.0913	31.1397	0.390793	-0.90382	0.174328	892	0	401	4	2	0
0.0306857	0.862342	7.33296	12.6522	30.3998	-0.698885	0.453875	0.552772	649	0	402	4	1	1
0.0417248	1.28417	8.52812	5.29038	30.6617	0.243076	-0.538525	0.806787	658	0	403	4	1	1
0.0345412	0.802437	9.45551	4.87424	29.267	0.458653	-0.0567122	0.886804	661	0	404	4	1	1
0.0364962	1.08354	9.31019	4.5878	29.6349	-0.494182	0.421071	-0.760581	661	0	405	4	1	0
0.0017435	0.954221	8.38297	6.77588	32.1291	0.852735	0.209507	0.478487	664	0	406	4	1	1
0.0025	0.592411	8.30544	6.86116	32.1584	-0.361984	0.928137	-0.0867749	664	0	407	4	1	0
0.0369652	0.417786	11.4063	6.00704	31.2068	0.329405	-1.61392	-1.73664	671	901	408	4	1	1
0.0125256	1.11045	11.3924	5.78592	30.9302	0.486124	0.873259	-0.0332039	900	0	408	4	2	0
0.0369652	0.291532	11.8132	6.04658	31.3161	-0.634104	0.331849	0.698418	671	0	409	4	1	0
0.0423452	1.83361	10.469	6.41291	31.0709	0.9961	-0.0470636	0.074628	670	0	410	4	1	1
0.0542413	0.526314	9.27782	7.37514	31.3218	0.293173	0.859853	-0.417974	672	0	411	4	1	1
0.035968	1.00812	10.1418	8.64091	31.1538	-0.738952	-0.643319	0.200226	674	0	412	4	1	1
0.0377192	0.789223	9.83842	8.7479	31.0703	0.101061	-0.37312	-0.922263	674	0	413	4	1	1
0.0448793	0.663071	9.93896	8.72996	31.1039	-0.228491	0.615749	1.35761	674	908	414	4	1	1
0.0187395	1.05679	9.92601	8.99873	31.705	-0.400038	0.759391	0.513122	907	0	414	4	2	0
0.0341433	0.912194	9.79366	8.77923	31.0838	0.671334	0.722287	-0.16617	674	0	415	4	1	1
0.0384069	1.15525	9.35369	8.89675	31.0411	-0.151386	-0.241459	-0.95853	674	0	416	4	1	0
0.0341459	1.75301	8.68738	9.16513	31.0646	0.943898	0.229319	-0.237633	675	0	417	4	1	1
0.0441354	1.12206	9.13042	9.0172	31.0427	0.386326	-0.921966	-0.0270423	674	0	418	4	1	1
0.0389045	1.14924	9.30218	8.96615	31.0672	0.397283	-0.0746275	0.914657	674	0	419	4	1	1
0.0321506	1.38715	8.59678	9.23772	31.042	0.752602	0.414488	0.511654	675	0	420	4	1	1
0.0612137	0.685924	8.65929	9.19888	31.0902	-0.35533	-0.424606	0.832737	674	916	421	4	1	1
0.0453968	0.80317	8.41556	8.90763	31.6614	0.513118	-0.858149	0.0170082	915	917	421	4	2	0
0.0434801	0.803701	8.82768	8.21839	31.675	-0.276563	-0.900589	0.335339	916	918	421	4	3	0
0.0290658	0.867206	8.60541	7.49459	31.9445	-0.874678	-0.444508	-0.193263	917	0	421	4	4	0
0.0169063	0.50655	10.4233	10.4453	31.0578	0.841872	-0.247988	0.479327	680	0	422	4	1	1
0.022089	1.03788	10.849	10.0312	30.6089	-0.397928	-0.910052	-0.116011	683	0	423	4	1	0
0.0338092	0.843103	9.87833	10.43	31.311	0.520304	0.579761	0.627025	684	0	424	4	1	1
0.0392043	0.810427	9.94739	6.98953	31.1031	0.193746	-0.0669991	-0.978761	685	0	425	4	1	1
0.0452099	0.638948	10.14	7.2624	31.1	0.398988	-0.571517	0.717061	685	0	426	4	1	0
0.00257516	0.512886	10.2605	7.65288	30.7859	0.753647	0.425836	-0.500678	686	0	427	4	1	1
0.0187238	1.09939	10.0308	9.05194	28.5496	0.549945	0.249745	0.796987	688	0	428	4	1	0
0.0221329	0.324204	7.70135	7.35948	31.684	-0.772978	0.613441	0.16185	692	0	429	4	1	1
0.03153	0.709355	8.30645	10.1666	32.1102	0.753741	0.652315	-0.0797427	699	0	430	4	1	1
0.0149038	0.677305	5.68103	9.96595	32.2184	0.00719496	0.0839779	0.996442	707	0	431	4	1	1
0.0386058	1.29256	4.88651	8.25714	32.4184	0.464773	0.699309	0.543096	708	0	432	4	1	1
0.048041	0.622056	6.41356	13.9119	26.7575	0.774549	-1.09499	-0.886206	714	931	433	4	1	1
0.0203579	1.54553	6.78935	13.3791	26.3602	-0.202332	-0.0675724	-0.976983	930	0	433	4	2	0
0.0435563	1.08429	6.35369	13.8377	26.827	0.867501	0.00149744	0.497434	714	0	434	4	1	1
0.048041	0.452818	6.7801	14.3452	26.5805	-1.61863	0.195562	1.48955	714	934	435	4	1	1
0.0227721	1.73687	6.46747	14.5052	26.7989	0.95868	-0.274319	-0.0753784	933	0	435	4	2	0
0.0236501	0.673143	6.14586	13.7274	26.8901	0.319914	0.611688	0.723529	715	0	436	4	1	1
0.0330254	0.533754	7.97373	14.0256	27.5634	0.298774	0.943983	0.140107	717	0	437	4	1	1
0.0406842	1.63342	7.70251	13.069	27.0721	0.764816	0.422729	-0.486166	716	0	438	4	1	1
0.0427228	0.844726	7.75399	13.389	26.6341	0.893001	-0.320312	0.316147	719	0	439	4	1	1
0.0451068	0.623847	8.09395	13.5084	26.5369	0.418477	0.483947	0.768552	719	0	440	4	1	1
0.0454661	0.970016	8.63077	13.3333	26.3916	-0.496014	0.759423	-0.421008	720	941	441	4	1	0
0.0134016	1.24081	8.14962	14.07	25.9832	-0.93029	-0.0551431	-0.362655	940	0	441	4	2	0
0.0183078	1.41529	10.201	13.1543	26.3779	-0.523636	-0.819415	-0.233159	722	0	442	4	1	1
0.0423204	1.14474	8.21859	12.878	25.9777	-0.542084	0.614366	-0.573323	725	944	443	4	1	1
0.0142341	1.21169	7.59804	13.5813	25.3214	-0.514779	-0.790345	-0.3322	943	0	443	4	2	0
0.041625	1.14606	8.68833	13.0269	25.6732	0.0962292	0.960516	-0.261053	726	0	444	4	1	0
0.0217194	0.758691	9.37485	13.6145	25.47	-0.724655	0.491938	-0.482568	726	0	445	4	1	1
0.0342628	0.745179	7.26416	13.6686	27.3363	-0.91824	0.393979	0.0402042	730	0	446	4	1	0
0.0177214	2.44261	9.03778	11.9066	26.7354	0.839361	0.266036	0.474023	735	0	447	4	1	1
0.024293	0.475	8.02377	11.6613	28.2467	0.657761	0.13206	-0.74156	738	0	448	4	1	0
0.00236714	0.49544	5.09456	11.3669	27.48	-0.82754	-0.550389	0.110677	742	0	449	4	1	1
0.00222615	0.495527	5.06101	11.0599	27.656	0.66512	0.447897	-0.597498	742	0	450	4	1	1
0.0242863	0.782965	5.89007	12.3305	32.0344	-0.703433	-0.436748	-0.560744	753	0	451	4	1	0
0.0242863	0.213251	5.9335	11.2857	32.0076	-4.67113	-0.133606	0.390383	752	954	452	4	1	1
0.0245507	0.96357	5.72108	11.2797	32.0253	-0.974125	0.222722	-0.0384015	953	955	452	4	2	0
0.0253579	0.97699	4.78244	11.4943	31.9883	-0.601608	-0.376504	0.704495	954	0	452	4	3	0
0.0236397	0.765359	5.75027	11.572	32.0956	-0.667802	0.0321442	-0.743644	753	0	453	4	1	1
0.0133877	0.73972	5.93183	12.6145	32.0379	0.360814	0.201555	0.910598	754	0	454	4	1	1
0.016302	0.535171	3.38716	7.11292	29.4512	-0.889001	0.112243	0.443936	762	0	455	5	1	1
0.0500502	1.01357	4.3842	7.4177	29.9262	-0.754167	-0.457997	0.441448	763	960	456	5	1	1
0.0228596	0.993522	3.63125	6.9421	30.357	-0.166826	0.887146	-0.430279	959	0	456	5	2	0
0.031469	0.638911	3.9445	10.0932	32.5293	-0.499136	0.720436	0.481493	767	0	457	5	1	1
0.0311982	1.11941	3.79225	10.0189	32.1555	-0.543337	0.379112	0.749038	767	0	458	5	1	1
0.00217858	1.2418	4.5193	12.5382	31.6715	-0.684701	-0.465331	0.560938	775	0	459	5	1	1
0.00253059	0.825978	4.69422	12.7937	31.7814	-0.462202	0.766131	0.446557	775	0	460	5	1	1
0.0163237	0.383976	4.07731	11.8928	31.3943	-2.1528	1.3942	-0.451869	775	966	461	5	1	1
0.00724735	1.07418	3.76211	12.0649	31.3546	0.647424	-0.292276	-0.703858	965	0	461	5	2	0
0.0229346	1.23668	3.6897	6.39117	26.2139	0.332497	-0.937848	-0.0994273	776	0	462	5	1	0
0.0261233	1.00039	3.49009	6.28915	26.6585	-0.956338	-0.0762536	-0.282139	776	0	463	5	1	1
0.0025	0.615578	2.83277	5.40019	25.9995	-0.0404783	1.58706	-0.344329	777	970	464	5	1	1
0.00188576	0.881793	2.84144	6.00156	25.8961	-0.476555	0.877628	0.0516168	969	0	464	5	2	0
0.0143648	0.793776	5.91673	6.68192	31.1195	0.271563	-0.134696	-0.952948	782	0	465	5	1	1
0.0186775	0.589889	6.13851	6.79804	31.271	0.653909	-1.51611	-0.38424	782	973	466	5	1	1
0.00962562	0.57594	6.33777	6.28665	31.1409	0.324214	0.857972	-0.398459	972	0	466	5	2	0
0.0183574	0.827753	1.85849	7.39181	28.5341	-0.358151	0.927114	0.110396	790	0	467	5	1	1
0.0185772	0.973332	3.24699	7.21162	26.75	0.973642	0.200987	-0.107824	791	0	468	5	1	1
0.0175989	0.546023	2.82467	9.9237	28.9872	0.308131	-0.598913	0.739161	803	0	469	5	1	1
0.0155453	1.05389	3.40069	9.64829	28.3579	0.0428697	-0.521244	0.85233	803	0	470	5	1	1
0.0146495	0.638847	1.57783	10.6618	29.0494	-0.787643	-0.613317	-0.0588274	808	0	471	5	1	1
0.0431944	0.100075	6.01636	4.94152	27.1304	-0.821643	-9.24761	3.69545	832	980	472	5	1	1
0.0432465	0.780262	5.99566	4.86999	27.1753	-0.291767	-0.458841	0.839247	979	981	472	5	2	0
0.0353637	0.850072	5.768	4.51197	27.8301	0.0744856	-0.642156	0.762947	980	0	472	5	3	0
0.00253209	0.560423	6.95664	4.00374	30.4252	-0.134829	-0.531595	0.836199	849	0	473	5	1	1
0.0145415	0.872026	5.53768	5.35023	31.1774	0.271204	0.84136	-0.467505	856	0	474	5	1	1
0.0427908	0.378753	6.87022	5.6492	30.1889	-0.923387	0.322415	-0.20834	861	0	475	5	1	0
0.0422926	0.105161	7.28566	6.13163	30.2711	-4.71046	-2.0409	-8.00443	861	986	476	5	1	1
0.0212294	0.94206	7.24311	6.12407	30.2043	0.823281	-0.557309	0.107773	985	0	476	5	2	0
0.0320264	0.630486	7.0591	5.80288	30.2278	-0.542724	-0.00820861	-0.839871	861	0	477	5	1	1
0.0380462	0.979209	7.24357	6.06444	30.2598	0.658314	0.330217	0.676446	861	0	478	5	1	1
0.0156203	0.939255	6.49594	5.11781	31.4285	-0.626092	0.766971	-0.140586	864	0	479	5	1	1
0.0256989	0.818213	11.6823	10.6466	30.0749	0.812873	-0.417352	0.406268	871	0	480	5	1	0
0.0513978	0.457831	12.1277	11.2558	30.1635	-0.579339	-0.479261	0.659299	873	0	481	5	1	0
0.00240092	0.936682	8.20547	11.4812	30.5142	0.710134	-0.702038	0.0534064	877	0	482	5	1	1
0.00358109	0.344806	9.83841	13.2697	29.4097	-0.322271	-0.866087	0.382144	879	0	483	5	1	1
0.0201564	0.654599	11.4654	12.4866	28.7354	-0.468198	0.543368	0.696809	881	0	484	5	1	1
0.0122892	0.593676	12.3441	11.2259	28.9337	-0.287815	-0.745665	-0.600954	884	0	485	5	1	1
0.0452253	0.763993	8.52775	12.785	29.1105	-0.582927	-0.00199345	0.812522	889	997	486	5	1	1
0.0102937	0.727529	8.0824	12.7834	29.7313	-0.98262	0.00315891	0.185603	996	0	486	5	2	0
0.033881	0.914894	8.59564	12.8786	29.1208	-0.0892924	1.08771	0.0601784	889	999	487	5	1	1
0.0129249	0.694631	8.50571	13.7905	29.1748	0.264263	0.890127	0.371267	998	0	487	5	2	0
0.0252805	1.36567	8.66508	12.9385	29.1427	0.382219	-0.257313	-0.887524	889	0	488	5	1	1
0.0255331	0.678497	7.14348	13.3965	29.2523	-0.822292	0.426363	-0.376895	891	0	489	5	1	1
0.0252069	1.02513	7.06585	13.4509	29.3667	-0.254187	-0.789322	0.558892	891	0	490	5	1	1
0.0187051	0.782686	6.64421	13.7393	29.972	0.962864	0.103657	0.249295	891	0	491	5	1	1
0.0224417	0.35857	6.63183	13.736	29.9769	0.428555	-2.43358	1.29297	891	1005	492	5	1	1
0.0108817	0.750317	6.71641	13.4104	30.1124	-0.0842903	-0.883406	0.460965	1004	0	492	5	2	0
0.019275	0.736544	7.93483	12.4216	30.9532	0.0843859	0.996294	0.0166687	892	0	493	5	1	1
0.0290948	0.575376	8.40553	12.1463	31.081	0.750985	0.342357	-0.564635	892	0	494	5	1	1
0.033881	1.33397	8.28918	12.2082	31.046	0.130426	0.957214	-0.258323	892	0	495	5	1	0
0.0314796	1.02219	8.80043	8.01946	31.7147	0.395458	-0.006933	0.918458	917	0	496	5	1	1
0.0167963	0.518121	7.75282	7.3081	31.6929	-0.761556	-0.501796	0.410162	926	0	497	5	1	1
0.00580388	0.684898	5.69885	10.0158	32.8977	0.808925	-0.291272	-0.510687	928	0	498	5	1	1
0.021164	0.951255	6.60732	13.3373	25.5538	-0.281561	0.880364	0.381684	931	0	499	5	1	1
0.00233329	0.542001	6.57285	13.326	25.3855	0.812644	-0.570422	-0.119282	931	0	500	5	1	1
0.0475053	0.373058	7.84763	14.4619	25.7276	-0.926969	0.327546	-0.182872	940	0	501	5	1	0
0.014431	1.16866	4.52655	11.305	32.3114	0.669224	-0.647206	0.365054	955	0	502	5	1	1
0.0213039	0.966211	4.65935	11.3886	32.1579	-0.795832	-0.13678	0.589866	955	0	503	5	1	1
0.0164372	1.00196	4.62406	11.3666	32.1995	0.523629	0.346543	0.778281	955	0	504	5	1	1
0.00702087	0.356564	6.06814	6.60698	30.6357	0.118794	-0.964958	-0.233973	971	0	505	6	1	1
0.00961453	0.453277	6.48499	6.66528	30.9548	0.993032	0.0995104	0.0631235	973	0	506	6	1	1
0.024414	0.610452	11.6733	10.5091	30.21	0.0314378	-0.966222	0.255786	990	0	507	6	1	0
0.0321869	0.543538	8.06614	12.9437	31.2804	0.174632	-0.978428	0.110374	1008	0	508	6	1	0
0.0321869	0.595233	8.25996	12.6085	31.1062	0.790669	-0.276414	0.546295	1008	0	509	6	1	0
0.0321869	0.801451	8.53083	13.3892	30.8578	0.49822	0.0981191	-0.861481	1008	0	510	6	1	0
