0.369042	1.59817	4.72267	10.5707	-0.209596	0.169786	-0.0511908	0.60006	0	2	1	0	1	0
0.321922	2.92271	5.13571	10.4101	1.3228	0.0847366	-0.0528987	0.994998	1	3	1	0	2	0
0.310706	2.67657	5.38337	10.2555	4.2309	0.0639607	-0.051309	0.996633	2	4	1	0	3	0
0.299597	2.61416	5.55457	10.1182	6.89845	0.0442698	-0.0663167	0.996816	3	5	1	0	4	0
0.303813	2.61415	5.6703	9.9448	9.50429	0.0517247	-0.066552	0.996441	4	6	1	0	5	0
0.288379	2.32687	5.80551	9.77082	12.1091	0.0693417	-0.0809612	0.994302	5	7	1	0	6	0
0.261043	2.21069	5.96686	9.58244	14.4227	0.131882	-0.156706	0.978801	6	8	1	0	7	0
0.280455	2.08444	6.25841	9.23601	16.5866	0.0756713	-0.059473	0.995358	7	9	1	0	8	0
0.281676	1.98874	6.41614	9.11204	18.6613	0.0774303	-0.113145	0.990557	8	10	1	0	9	0
0.216313	0.848979	6.57013	8.88702	20.6313	0.460634	-0.294008	0.837481	9	11	1	0	10	0
0.18558	1.18939	6.9612	8.63742	21.3423	0.071943	-0.287992	0.954927	10	12	1	0	11	0
0.13511	0.862745	7.04677	8.29488	22.4781	-0.338278	0.476434	0.811528	11	13	1	0	12	0
0.148086	1.14695	6.75492	8.70592	23.1782	0.0764293	0.743155	0.664741	12	14	1	0	13	0
0.126488	1.0528	6.84258	9.55829	23.9407	0.0832275	0.488194	0.868757	13	15	1	0	14	0
0.090082	1.16519	6.93021	10.0723	24.8553	0.133833	-0.0792523	0.98783	14	16	1	0	15	0
0.0580315	0.858753	7.08615	9.97991	26.0063	0.281654	-0.0568294	0.957832	15	17	1	0	16	0
0.0612941	1.14665	7.32802	9.93111	26.8288	-0.0230655	0.580275	0.814094	16	0	1	0	17	0
0.215074	1.57082	6.39688	9.04415	16.4425	0.492339	-0.760723	0.42297	7	0	2	1	1	1
0.255472	1.25226	6.22427	9.40634	17.8882	-0.30766	0.735093	0.0517445	8	20	3	1	1	1
0.116178	1.97102	5.68175	10.5412	18.1549	-0.439976	-0.830974	-0.340445	19	0	3	1	2	0
0.280055	2.655	6.32224	8.78732	19.4396	0.602207	-0.667334	-0.438191	9	22	4	1	1	0
0.255485	1.49277	7.9211	7.01555	18.2762	0.7269	0.624223	-0.28629	21	23	4	1	2	0
0.132267	1.15169	9.0062	7.94737	17.8488	0.378793	0.516936	-0.767654	22	0	4	1	3	0
0.110561	0.544143	6.95459	8.27105	22.6993	1.01536	-1.0473	1.11782	12	25	5	1	1	1
0.116167	0.828453	7.32065	7.92598	22.9657	0.260109	-0.948727	0.179612	24	26	5	1	2	0
0.0811651	0.511509	7.53614	7.14001	23.1145	0.633894	-0.712394	0.301121	25	27	5	1	3	0
0.081649	0.730144	7.86038	6.77561	23.2685	0.781528	-0.461652	0.419633	26	28	5	1	4	0
0.060237	0.675857	8.43101	6.43854	23.5749	0.91603	0.371176	-0.152044	27	29	5	1	5	0
0.0807871	0.813537	9.05011	6.6894	23.4721	0.573085	-0.76177	0.302126	28	30	5	1	6	0
0.0783145	0.507273	9.51634	6.06967	23.7179	0.511284	-0.227636	0.828716	29	31	5	1	7	0
0.0793046	0.911622	9.7757	5.9542	24.1383	0.411751	-0.910437	-0.0395667	30	32	5	1	8	0
0.072369	0.811979	10.1511	5.12422	24.1023	0.858379	-0.500701	-0.111728	31	33	5	1	9	0
0.0834508	0.617467	10.848	4.71767	24.0115	0.307974	-0.935875	0.171146	32	34	5	1	10	0
0.0751471	0.409644	11.0382	4.13979	24.1172	0.180276	-0.956633	0.228811	33	35	5	1	11	0
0.0685518	1.25092	11.1121	3.74792	24.2109	0.368183	-0.907567	-0.2019	34	36	5	1	12	0
0.0747417	0.605171	11.5726	2.61263	23.9584	0.273148	-0.845699	-0.458457	35	37	5	1	13	0
0.043901	0.792108	11.7379	2.10083	23.6809	0.0423519	-0.998922	-0.0189881	36	0	5	1	14	0
0.114469	0.798086	6.47283	8.69612	20.7292	0.420193	-0.848983	0.320415	10	39	6	1	1	0
0.135338	0.829266	6.80818	8.01856	20.9849	0.104843	-0.94907	0.29711	38	40	6	1	2	0
0.112237	0.677544	6.89513	7.23152	21.2313	0.180302	-0.983169	0.029505	39	41	6	1	3	0
0.117206	0.763103	7.01729	6.56538	21.2513	0.335037	-0.907712	0.252606	40	42	6	1	4	0
0.0966731	0.984718	7.27296	5.87271	21.444	-0.278438	-0.913327	0.297163	41	43	6	1	5	0
0.0837126	0.656635	6.99877	4.97334	21.7366	-0.126574	-0.887625	-0.442832	42	44	6	1	6	0
0.100426	0.84081	6.91566	4.39049	21.4459	-0.271099	-0.830644	0.48635	43	45	6	1	7	0
0.0746669	0.91811	6.68772	3.69208	21.8548	0.728031	-0.422933	-0.539534	44	46	6	1	8	0
0.0487111	1.15975	7.35613	3.30378	21.3594	0.0403036	-0.913263	-0.405371	45	0	6	1	9	0
0.0862982	0.927432	6.88734	8.48728	22.2616	-0.498922	0.674226	0.677576	11	48	7	1	1	0
0.109412	0.875533	6.51548	9.09663	22.8849	-0.687748	-0.0848253	0.720977	47	49	7	1	2	0
0.105864	0.838932	5.91333	9.02236	23.5162	-0.517871	-0.301017	0.800749	48	50	7	1	3	0
0.0914478	0.966568	5.47888	8.76983	24.188	-0.574664	-0.411633	0.707333	49	51	7	1	4	0
0.0698466	0.594145	4.92342	8.37196	24.8716	-0.313674	-0.476466	0.821334	50	52	7	1	5	0
0.0484757	0.610274	4.73706	8.08887	25.3596	-0.158625	-0.847268	0.506927	51	53	7	1	6	0
0.0411828	1.17293	4.64025	7.5718	25.669	0.0611403	0.264184	0.962532	52	0	7	1	7	0
0.0977602	0.911951	7.11609	8.56125	22.1409	0.234926	0.514983	0.82438	11	55	8	1	1	0
0.0970632	1.06472	7.33034	9.03089	22.8927	0.557476	0.715676	0.420746	54	56	8	1	2	0
0.0898259	0.804121	7.92389	9.79288	23.3406	0.714962	0.541949	0.441724	55	57	8	1	3	0
0.076789	0.630023	8.49881	10.2287	23.6958	0.627142	0.74267	0.234804	56	58	8	1	4	0
0.0849738	0.817752	8.89392	10.6966	23.8438	0.860555	0.168489	0.480683	57	59	8	1	5	0
0.111651	0.718581	9.59764	10.8344	24.2369	0.747184	0.660063	0.0776682	58	60	8	1	6	0
0.0760438	0.527877	10.1346	11.3087	24.2927	-0.265638	0.781602	-0.564388	59	61	8	1	7	0
0.0633949	0.522889	9.99433	11.7213	23.9947	0.228006	0.800715	-0.553957	60	62	8	1	8	0
0.0625749	0.962344	10.1136	12.1399	23.7051	0.218466	0.961011	0.169503	61	63	8	1	9	0
0.0367678	0.553133	10.3238	13.0648	23.8682	0.12116	0.982633	-0.140541	62	64	8	1	10	0
0.0291434	0.880962	10.3908	13.6083	23.7905	0.426449	0.904046	-0.0290078	63	0	8	1	11	0
0.103794	0.909348	6.69747	9.27285	23.5502	-0.328096	-0.729255	0.60045	13	0	9	1	1	0
0.084372	1.23985	6.85793	10.041	24.9709	-0.616977	-0.751103	-0.234913	15	0	10	1	1	0
0.0997912	0.79468	6.99701	10.0672	24.6899	1.09671	-0.118184	0.605608	15	68	11	1	1	0
0.0779344	1.18781	7.77347	9.84218	25.1129	0.436974	0.531741	0.725469	67	69	11	1	2	0
0.0814894	0.336769	8.29251	10.4738	25.9746	0.162969	0.92528	0.342488	68	70	11	1	3	0
0.0494907	0.735083	8.34739	10.7854	26.09	0.988659	0.129343	0.0763164	69	71	11	1	4	0
0.029112	0.230194	9.07414	10.8805	26.1461	-0.164763	0.942495	0.290785	70	0	11	1	5	0
0.0505236	0.802785	6.99307	10.1397	24.9732	0.499276	0.7418	0.447724	15	73	12	1	1	1
0.0604125	0.682692	7.39388	10.7352	25.3327	0.366484	0.921944	0.125338	72	74	12	1	2	0
0.0604371	0.414412	7.64407	11.3646	25.4182	0.46346	0.513375	0.722254	73	75	12	1	3	0
0.0554509	0.92196	7.83614	11.5774	25.7175	0.194383	0.980857	0.0116328	74	76	12	1	4	0
0.0629755	0.871625	8.01535	12.4817	25.7283	-0.272845	0.458475	0.845787	75	77	12	1	5	0
0.0591469	0.778175	7.77753	12.8813	26.4655	-0.811601	0.57328	0.112491	76	78	12	1	6	0
0.0669892	0.785191	7.14596	13.3274	26.553	-0.0552225	0.937997	-0.342217	77	79	12	1	7	0
0.0594774	0.629873	7.1026	14.0639	26.2843	0.150327	0.964751	-0.216001	78	80	12	1	8	0
0.0487271	1.05954	7.19729	14.6716	26.1482	0.745395	0.663277	-0.0667093	79	0	12	1	9	0
0.0644461	0.559962	6.95703	10.128	25.2439	-0.190138	1.67082	0.601174	15	82	13	1	1	1
0.0446669	0.745596	6.89741	10.6519	25.4324	-0.490779	0.516496	0.701689	81	83	13	1	2	0
0.0654967	0.515483	6.53149	11.037	25.9556	0.125465	0.899812	-0.417847	82	84	13	1	3	0
0.0650447	1.22174	6.59617	11.5008	25.7402	-0.187702	0.961445	0.200977	83	85	13	1	4	0
0.154141	0.172988	6.36684	12.6755	25.9857	0.279879	0.851326	0.443748	84	86	13	1	5	0
0.0734514	1.56753	6.41526	12.8227	26.0625	-0.453605	0.891038	0.017164	85	87	13	1	6	0
0.0692699	0.897268	5.70422	14.2195	26.0894	-0.00168942	0.997376	0.072381	86	88	13	1	7	0
0.0555265	0.340617	5.7027	15.1144	26.1543	-0.0391964	0.823938	0.565322	87	89	13	1	8	0
0.0745146	0.379716	5.68935	15.395	26.3469	0.772256	0.421172	-0.475642	88	90	13	1	9	0
0.0499345	1.09146	5.98259	15.555	26.1663	0.389688	0.909041	-0.147606	89	91	13	1	10	0
0.0468314	0.593456	6.40792	16.5471	26.0052	0.588611	0.16926	0.790499	90	0	13	1	11	0
0.0600603	1.27984	7.37837	9.97303	26.8697	0.194056	0.858389	0.47488	16	93	14	1	1	0
0.0609844	1.88732	7.62673	11.0716	27.4775	0.900494	0.422616	-0.102502	92	94	14	1	2	0
0.0518969	0.822803	9.32625	11.8693	27.284	0.343295	0.93066	-0.126571	93	95	14	1	3	0
0.0445079	0.966768	9.60871	12.635	27.1799	0.74655	0.665291	-0.00709262	94	96	14	1	4	0
0.0314006	1.19059	10.3305	13.2782	27.173	-0.0907625	0.978328	-0.186108	95	0	14	1	5	0
0.0413788	0.529521	7.23741	9.89468	26.4796	0.334661	-0.936499	0.104743	16	98	15	1	1	1
0.0115636	0.519	7.41462	9.39878	26.5351	-0.16519	-0.981455	0.0972506	97	0	15	1	2	0
0.0153625	0.578142	7.33731	9.88184	26.7707	0.43553	-0.898766	-0.0503284	16	0	16	1	1	1
0.0346239	0.837824	7.38228	10.1061	27.0643	0.667727	-0.735196	0.116739	17	0	17	1	1	0
0.0373895	0.924963	7.37101	10.3916	27.4677	0.508019	0.703935	0.496379	17	0	18	1	1	1
0.299903	1.80633	6.38534	8.72658	19.7964	-0.634105	0.750488	0.186222	9	103	19	1	1	1
0.222805	1.70969	5.23994	10.0822	20.1327	-0.955042	0.227562	-0.190029	102	104	19	1	2	0
0.248607	1.83865	3.60711	10.4713	19.8079	-0.299351	0.946988	-0.116633	103	105	19	1	3	0
0.0967178	1.36324	3.05671	12.2124	19.5934	-0.983784	-0.0907095	0.15473	104	0	19	1	4	0
0.20085	1.14454	9.53632	8.11658	17.5549	0.0802345	-0.860596	0.127721	22	107	21	2	1	0
0.257322	0.970358	9.64142	6.98922	17.7223	-0.189373	-0.957505	-0.217534	106	108	21	2	2	0
0.238633	1.10022	9.45766	6.0601	17.5112	-0.857757	-0.502467	-0.108535	107	109	21	2	3	0
0.184995	0.979661	8.51394	5.50728	17.3918	-0.694818	-0.718293	0.0358316	108	110	21	2	4	0
0.105408	0.963887	7.83326	4.80359	17.4269	-0.166289	-0.874827	-0.455001	109	0	21	2	5	0
0.205222	1.80308	7.55688	6.36628	18.4957	-0.820037	-0.346967	-0.455141	22	0	22	2	1	0
0.0847118	0.858336	7.41705	7.97709	23.0085	0.882041	-0.107353	0.458779	25	113	23	2	1	1
0.0888527	0.336385	8.17413	7.88495	23.4023	0.733524	-0.674376	0.0846212	112	114	23	2	2	0
0.0757114	0.79479	8.42088	7.6581	23.4308	0.296113	-0.419478	0.858112	113	115	23	2	3	0
0.0529136	0.781219	8.65623	7.3247	24.1128	-0.308955	-0.544999	0.779437	114	116	23	2	4	0
0.0564782	0.432611	8.41487	6.89894	24.7217	0.798368	-0.374264	0.471737	115	117	23	2	5	0
0.0420534	0.454721	8.76025	6.73703	24.9258	0.878168	0.109417	0.46567	116	118	23	2	6	0
0.0273382	0.632063	9.15957	6.78678	25.1376	0.456926	-0.788879	0.410961	117	0	23	2	7	0
0.0774218	0.661213	7.64189	6.91045	23.2267	-0.443384	-1.06723	0.975552	26	120	24	2	1	1
0.0829811	0.573809	7.4931	6.44036	23.5998	0.158501	-0.986972	0.0276458	119	121	24	2	2	0
0.0828952	0.342633	7.58405	5.87403	23.6157	0.806013	-0.546344	0.227708	120	122	24	2	3	0
0.0712373	0.987282	7.86022	5.68684	23.6937	-0.244578	-0.965692	-0.0872995	121	123	24	2	4	0
0.0737019	0.503745	7.61875	4.73343	23.6075	-0.305008	-0.95234	-0.00433535	122	124	24	2	5	0
0.066918	0.637371	7.4651	4.25369	23.6053	0.126247	-0.991209	-0.0395702	123	125	24	2	6	0
0.0496358	0.76427	7.54557	3.62192	23.5801	0.466362	-0.826263	-0.315907	124	126	24	2	7	0
0.0607033	0.417434	7.902	2.99043	23.3387	0.206828	-0.84668	-0.490259	125	127	24	2	8	0
0.051747	0.758386	7.98833	2.637	23.134	0.745336	-0.66366	-0.0634763	126	128	24	2	9	0
0.0358285	0.703958	8.55359	2.13369	23.0859	0.114704	-0.986598	-0.11605	127	0	24	2	10	0
0.0776266	0.624068	7.97939	6.61101	23.3641	0.862371	-1.16507	0.683062	27	130	25	2	1	1
0.0664272	0.970618	8.3279	6.17657	23.6401	0.623537	-0.773957	0.110418	129	131	25	2	2	0
0.0321974	0.757225	8.93312	5.42536	23.7473	0.344466	-0.901787	-0.261006	130	0	25	2	3	0
0.0545474	0.584818	9.15596	6.67985	23.5132	1.57106	-0.0691594	0.671453	29	133	26	2	1	1
0.0615124	0.558383	9.69328	6.6562	23.7429	0.938228	0.182901	0.293725	132	134	26	2	2	0
0.0495134	0.442399	10.2172	6.75833	23.9069	0.812207	0.507136	0.288327	133	135	26	2	3	0
0.0495689	0.49069	10.5765	6.98268	24.0344	0.843157	0.535254	-0.0508896	134	136	26	2	4	0
0.0629159	0.426615	10.9902	7.24533	24.0095	0.929609	0.0513102	0.364959	135	137	26	2	5	0
0.0496378	0.259463	11.3868	7.26722	24.1652	0.484286	-0.631585	0.605448	136	138	26	2	6	0
0.0483636	0.502834	11.5125	7.10334	24.3223	0.87837	-0.473552	0.0649244	137	139	26	2	7	0
0.0580338	0.57132	11.9541	6.86522	24.3549	0.880963	-0.240804	-0.40733	138	140	26	2	8	0
0.0493402	0.290884	12.4574	6.72765	24.1222	0.805513	-0.518093	-0.287626	139	141	26	2	9	0
0.0491499	0.3319	12.6918	6.57694	24.0385	0.955272	-0.134983	-0.263127	140	142	26	2	10	0
0.0655409	1.30348	13.0088	6.53214	23.9512	0.714654	-0.696705	0.0622285	141	143	26	2	11	0
0.0640888	0.456733	13.9403	5.624	24.0323	-0.634462	-0.466113	0.616601	142	144	26	2	12	0
0.0660535	1.03733	13.6506	5.41111	24.3139	-0.69046	-0.716208	-0.101543	143	145	26	2	13	0
0.0637401	1.0971	12.9343	4.66817	24.2086	-0.681245	0.553258	0.479386	144	146	26	2	14	0
0.0729902	0.729621	12.1869	5.27514	24.7345	0.093106	0.872686	0.479322	145	147	26	2	15	0
0.0609704	1.02954	12.2549	5.91187	25.0842	-0.450819	0.316756	0.834523	146	148	26	2	16	0
0.0605652	0.833358	11.7907	6.23799	25.9434	-0.9162	-0.335973	-0.218402	147	149	26	2	17	0
0.0600882	0.722378	11.0272	5.958	25.7614	-0.886301	0.448846	-0.114051	148	150	26	2	18	0
0.0626593	1.27589	10.387	6.28224	25.679	0.204116	0.953114	0.223408	149	151	26	2	19	0
0.0523706	0.717309	10.6474	7.49831	25.9641	0.138347	0.702113	0.698497	150	152	26	2	20	0
0.0561498	1.31368	10.7466	8.00194	26.4651	0.0777819	0.980557	-0.180161	151	153	26	2	21	0
0.0513877	0.753774	10.8488	9.29007	26.2284	-0.165842	0.835273	-0.524228	152	154	26	2	22	0
0.0568545	1.10377	10.7238	9.91968	25.8333	0.820185	0.514614	0.249938	153	155	26	2	23	0
0.050756	0.959741	11.6291	10.4877	26.1092	-0.0692226	0.99268	0.0989684	154	156	26	2	24	0
0.0500735	0.985472	11.5627	11.4404	26.2041	-0.0996446	0.928783	-0.356977	155	157	26	2	25	0
0.0484872	0.831678	11.4645	12.3557	25.8524	0.518089	0.711423	-0.474827	156	158	26	2	26	0
0.0470704	0.843209	11.8954	12.9474	25.4574	0.468789	0.872545	-0.137487	157	159	26	2	27	0
0.0480096	0.830445	12.2906	13.6831	25.3415	-0.362516	0.897932	0.249602	158	160	26	2	28	0
0.0657561	0.351388	11.9896	14.4288	25.5488	-0.423183	0.84007	-0.33941	159	161	26	2	29	0
0.045661	0.941674	11.8409	14.724	25.4295	-0.760796	0.622457	-0.183673	160	162	26	2	30	0
0.0538565	0.688397	11.1245	15.3101	25.2566	-0.516422	0.423953	-0.744024	161	163	26	2	31	0
0.0386958	0.925037	10.769	15.602	24.7444	-0.0156675	0.199051	0.979864	162	164	26	2	32	0
0.0444396	0.597581	10.7545	15.7861	25.6508	0.207131	0.442263	0.87264	163	0	26	2	33	0
0.0591673	0.440913	9.79725	5.72181	24.1518	-0.878738	-1.89678	0.879748	31	166	27	2	1	1
0.0620249	0.686812	9.62642	5.35307	24.3229	-0.433666	-0.786493	-0.43973	165	167	27	2	2	0
0.0453213	0.901989	9.32858	4.8129	24.0209	-0.155212	-0.977519	0.142708	166	0	27	2	3	0
0.0644266	0.48002	10.09	5.06906	24.0893	0.402836	-1.92629	-0.683417	31	169	28	2	1	0
0.0930999	0.742382	10.1786	4.62639	23.9283	0.310559	-0.874375	-0.372857	168	170	28	2	2	0
0.0755458	0.892904	10.4092	3.97727	23.6515	0.422195	-0.88531	-0.194876	169	171	28	2	3	0
0.057155	1.13382	10.7861	3.18677	23.4775	-0.0194341	-0.971933	-0.234455	170	172	28	2	4	0
0.0430648	0.510354	10.7641	2.08478	23.2117	0.274249	-0.502745	-0.819778	171	0	28	2	5	0
0.0572239	0.664206	11.0462	4.36917	24.0534	1.2164	-0.724394	-0.512186	33	174	29	2	1	1
0.00516362	0.215319	11.529	4.04445	23.7276	0.668899	-0.717728	-0.193498	173	0	29	2	2	0
0.0563419	0.916748	11.6901	2.49147	23.8742	0.997191	0.0220128	0.441585	36	176	30	2	1	1
0.05672	1.83491	12.2472	2.55578	24.1417	0.36539	0.868671	-0.334517	175	177	30	2	2	0
0.0571253	1.26535	12.9176	4.14972	23.5279	0.350265	-0.889512	-0.2934	176	178	30	2	3	0
0.0455218	0.842522	13.3608	3.02417	23.1567	0.0433879	-0.96851	-0.245167	177	179	30	2	4	0
0.0307852	0.882506	13.3974	2.20818	22.9501	0.768166	-0.623821	-0.144111	178	0	30	2	5	0
0.072459	0.755093	10.9151	4.68623	23.9556	0.970803	-0.150771	0.186573	33	0	31	2	1	1
0.0259394	0.702467	6.68152	8.04016	21.01	-0.898701	-0.382826	0.213963	38	0	32	2	1	1
0.0795825	0.395059	7.30069	5.63217	21.5141	0.0435244	-0.959192	0.279387	42	0	33	2	1	0
0.0705067	0.944594	7.08078	5.57356	21.5547	-0.988946	0.108584	0.10097	42	184	34	2	1	0
0.0932531	0.798094	6.14663	5.67613	21.6501	0.00756994	0.486837	0.87346	183	185	34	2	2	0
0.091476	1.09191	6.15267	6.06467	22.3472	-0.874081	-0.262003	0.409069	184	186	34	2	3	0
0.0900175	0.70286	5.19825	5.77858	22.7938	-0.970836	-0.225942	0.0801762	185	187	34	2	4	0
0.0921154	0.655326	4.51589	5.61978	22.8502	-0.510849	-0.67945	-0.52667	186	188	34	2	5	0
0.0817039	0.723124	4.18112	5.17452	22.505	0.0645683	-0.96629	0.249229	187	189	34	2	6	0
0.0904107	0.888889	4.22781	4.47577	22.6853	0.750591	-0.484615	-0.449178	188	190	34	2	7	0
0.0921645	0.419612	4.895	4.045	22.286	0.00714894	-0.87134	-0.490628	189	191	34	2	8	0
0.0721148	0.798596	4.898	3.67937	22.0801	0.117865	-0.97807	0.171715	190	192	34	2	9	0
0.0570188	0.873601	4.99213	2.89829	22.2173	0.241242	-0.866651	-0.436713	191	0	34	2	10	0
0.0754148	1.32357	7.07431	4.98149	21.7903	0.574821	-0.811902	-0.101962	43	194	35	2	1	0
0.0232423	0.673602	7.83512	3.90687	21.6554	0.520682	-0.789281	-0.325463	193	0	35	2	2	0
0.0524868	0.638255	6.89675	4.83508	21.6405	-0.884863	-0.217294	-0.412069	43	0	36	2	1	1
0.0736912	1.47796	6.87537	4.659	21.5399	-0.540532	-0.820662	-0.18531	43	197	37	2	1	1
0.0654355	0.489913	6.07649	3.4461	21.266	-0.568155	-0.760891	-0.313441	196	198	37	2	2	0
0.043963	0.891868	5.79814	3.07333	21.1124	-0.795553	-0.604348	0.0431117	197	0	37	2	3	0
0.0539584	1.86045	7.11054	3.49902	21.6287	-0.928609	-0.326379	-0.176528	45	0	38	2	1	1
0.0133054	0.926367	7.25687	3.42428	21.5141	0.972811	0.164184	-0.163348	45	0	39	2	1	1
0.0699342	1.18897	6.4682	9.14894	22.809	0.661096	0.729621	-0.174943	47	0	40	2	1	1
0.0794126	1.43782	6.61469	8.71212	22.5544	-0.945197	-0.29388	-0.142257	47	0	41	2	1	0
0.13339	0.277165	6.14176	9.11518	23.3964	0.680174	0.614937	0.399019	48	0	42	2	1	1
0.0898734	0.514811	5.13648	8.60332	24.4711	-0.588712	0.882789	-1.62704	50	205	43	2	1	1
0.0442415	0.619453	4.95089	8.83091	24.0444	0.383286	-0.0609385	-0.921617	204	0	43	2	2	0
0.0488032	0.577938	4.73097	8.17584	25.3398	-0.650961	0.755082	0.0781068	51	0	44	2	1	0
0.0713324	0.848184	4.83075	8.14118	25.3089	0.547737	0.330867	0.768447	51	0	45	2	1	0
0.0485063	0.760586	4.74818	7.96531	25.3894	0.173069	-1.28207	0.234502	52	209	46	2	1	1
0.0507077	1.16736	4.75317	7.2798	25.5074	-0.786292	-0.330738	0.521878	208	210	46	2	2	0
0.0528039	0.713322	3.83529	6.89371	26.1166	-0.512291	-0.0813098	-0.854954	209	211	46	2	3	0
0.0519238	0.737391	3.46986	6.83571	25.5067	-0.651744	0.570506	-0.499753	210	212	46	2	4	0
0.044546	0.853697	2.98927	7.2564	25.1382	0.816136	-0.183789	-0.547853	211	213	46	2	5	0
0.0338665	0.785089	3.686	7.0995	24.6705	-0.260002	0.929989	0.259844	212	0	46	2	6	0
0.0318377	0.769895	4.59911	7.52717	25.5857	-0.185724	-0.472661	-0.861451	53	0	47	2	1	0
0.0898734	0.442919	5.40998	8.6373	24.4083	1.36105	-0.966246	1.52032	50	216	48	2	1	1
0.113725	0.8285	5.67698	8.44775	24.7066	0.571327	-0.180875	0.800543	215	217	48	2	2	0
0.0660042	1.52361	6.15033	8.29789	25.3698	0.58353	-0.783724	0.212766	216	218	48	2	3	0
0.0543416	0.832417	7.0394	7.1038	25.694	-0.193319	-0.421424	0.886019	217	0	48	2	4	0
0.0578271	0.489868	7.83002	9.51479	23.2194	1.71465	-1.10741	-0.0282832	55	220	49	2	1	1
0.0575368	0.770658	8.24149	9.24904	23.2126	-0.220282	-0.654751	0.723033	219	221	49	2	2	0
0.0720691	0.635015	8.07173	8.74445	23.7698	-0.696245	-0.448264	0.560627	220	222	49	2	3	0
0.0843905	0.650548	7.6296	8.4598	24.1258	0.0165997	-0.985323	-0.169892	221	223	49	2	4	0
0.0747015	0.838992	7.6404	7.8188	24.0153	-0.923688	-0.158921	0.348632	222	224	49	2	5	0
0.0644785	0.905249	6.86543	7.68547	24.3078	-0.85314	-0.383634	-0.353521	223	225	49	2	6	0
0.0564516	0.799719	6.09313	7.33818	23.9878	-0.343157	-0.937682	-0.0547386	224	226	49	2	7	0
0.0477132	1.16684	5.8187	6.5883	23.944	-0.673359	-0.731739	0.105575	225	0	49	2	8	0
0.0811187	0.330638	7.69281	9.38026	23.0512	2.25227	1.54724	-1.29641	55	228	50	2	1	1
0.0323593	1.04974	7.95929	9.52306	22.9366	0.940702	0.312932	-0.130973	227	0	50	2	2	0
0.0916483	1.36075	7.49272	9.57432	23.0786	-0.281411	0.95777	0.0590377	56	0	51	2	1	0
0.0863062	0.752923	7.62442	9.51409	23.2328	-0.569958	0.5331	0.625262	55	0	52	2	1	1
0.0916483	0.560477	7.82577	9.8312	23.3154	-1.48396	0.965848	-0.21992	56	232	53	2	1	1
0.0980823	0.956729	7.51546	10.1335	23.1855	0.181908	0.202758	0.962184	231	233	53	2	2	0
0.0596063	0.856353	7.6895	10.3275	24.1061	-0.274147	0.942879	0.189267	232	0	53	2	3	0
0.0889199	0.590806	7.85322	9.75727	23.2072	0.58084	0.737562	-0.344423	55	235	54	2	1	1
0.100628	0.86977	8.19639	10.193	23.0037	0.0275487	0.466571	0.884055	234	236	54	2	2	0
0.0798992	0.796937	8.22035	10.5988	23.7726	-0.289042	0.90517	0.311643	235	237	54	2	3	0
0.0496213	0.87352	7.99	11.3202	24.021	0.151472	0.747664	0.646571	236	0	54	2	4	0
0.0990041	1.16016	7.4978	9.37678	23.0071	-0.1895	0.812822	0.550827	55	0	55	2	1	0
0.067364	0.629742	7.89635	9.87533	23.2917	-0.0278648	0.368944	-0.929034	55	0	56	2	1	1
0.0580945	0.503352	8.69567	10.347	23.7692	0.110151	-0.786617	0.607536	57	241	57	2	1	1
0.0193005	0.855677	8.75112	9.95107	24.075	-0.666593	0.513778	0.54008	240	0	57	2	2	0
0.0667556	0.69394	8.93384	10.7895	23.8926	0.682119	0.730269	-0.0377031	58	243	58	2	1	0
0.0749315	0.908439	9.40719	11.2963	23.8665	-0.778296	0.561418	0.281183	242	244	58	2	2	0
0.0729681	0.682503	8.70016	11.8063	24.1219	0.362338	0.909557	0.203511	243	245	58	2	3	0
0.0752859	0.585529	8.94745	12.4271	24.2608	0.569541	0.800038	0.188579	244	246	58	2	4	0
0.060215	0.899063	9.28094	12.8955	24.3712	0.149102	0.888939	0.433078	245	247	58	2	5	0
0.0656231	0.497584	9.41499	13.6947	24.7606	-0.361861	0.744098	-0.561582	246	248	58	2	6	0
0.0563203	0.746498	9.23493	14.065	24.4812	-0.23073	0.920191	-0.316247	247	249	58	2	7	0
0.0378366	0.926098	9.06269	14.7519	24.2451	-0.42265	0.855008	-0.300547	248	0	58	2	8	0
0.048162	0.821939	8.57732	10.3367	23.6496	0.757782	0.649612	-0.0614078	57	0	59	2	1	1
0.0821824	0.203954	9.67448	10.9539	24.3526	4.23223	1.63727	-1.85679	59	252	60	2	1	1
0.0284744	1.41421	9.87199	11.0308	24.2399	0.832346	-0.41785	0.364146	251	0	60	2	2	0
0.0728019	0.636621	9.3301	10.7201	24.1487	0.459651	-0.798376	0.388995	58	0	61	2	1	1
0.0558699	0.586102	9.96114	11.6004	24.1007	0.846663	0.129813	0.516052	60	0	62	2	1	1
0.0526289	0.458846	10.3028	12.78	23.7732	-0.944383	-0.247106	0.216976	62	0	63	2	1	1
0.0605413	0.986609	9.98365	11.5641	24.0386	-0.538232	0.00888211	-0.858812	60	257	64	2	1	1
0.0261116	0.878187	9.47597	11.6443	23.2301	-0.883988	0.46677	0.0262918	256	0	64	2	2	0
0.0450547	0.951617	10.1797	12.2287	23.7668	0.38816	-0.24241	0.889139	62	0	65	2	1	1
0.0532535	0.823682	9.9383	11.7488	23.9685	-0.951033	0.556544	-0.509646	61	260	66	2	1	1
0.0595037	1.16597	9.27915	12.228	23.7309	0.631666	0.0664081	-0.772391	259	261	66	2	2	0
0.049228	0.351212	10.0157	12.3054	22.8304	0.243515	-0.902226	-0.355932	260	262	66	2	3	0
0.0456897	0.968276	10.1012	11.9885	22.7054	0.29084	-0.956695	-0.0121047	261	263	66	2	4	0
0.0321371	0.910866	10.3828	11.0622	22.6936	0.621617	-0.752966	0.21595	262	0	66	2	5	0
0.0494479	0.58285	10.0888	12.2341	23.6758	-0.121398	-0.239593	-0.963254	62	0	67	2	1	1
0.0598309	0.425617	10.2226	12.3376	23.7434	1.93776	-0.683576	1.13934	62	266	68	2	1	1
0.0261846	0.831754	10.5737	12.2138	23.9497	0.470267	-0.882514	0.00426411	265	0	68	2	2	0
0.0236167	0.701734	10.4102	13.6171	23.8157	0.865647	0.409153	0.28853	64	0	69	2	1	1
0.0948016	0.552797	6.56057	9.80849	24.9015	-0.766803	0.626755	-0.138537	66	0	70	2	1	0
0.0777285	0.772612	6.59429	9.76741	24.9605	-0.827827	-0.0390016	-0.559626	66	0	71	2	1	1
0.0422373	0.653459	7.68597	9.9314	24.9841	1.47574	-0.401991	0.0496866	67	271	72	2	1	0
0.0542234	0.553593	8.31316	9.76147	25.0275	0.899821	-0.392279	0.190889	270	272	72	2	2	0
0.0464048	0.721491	8.8113	9.5443	25.1332	0.964205	0.117291	-0.237807	271	273	72	2	3	0
0.0329161	0.481128	9.50696	9.62893	24.9616	0.28277	-0.910206	0.302599	272	0	72	2	4	0
0.067592	0.478707	8.13759	10.322	25.8554	-0.999637	0.0159364	0.0217433	68	275	73	2	1	1
0.0174198	0.66051	7.65905	10.3297	25.8658	-0.0453335	-0.0228221	0.998711	274	0	73	2	2	0
0.036138	1.2308	8.55486	10.7671	26.0849	0.479686	0.871359	0.103123	70	277	74	2	1	1
0.00950915	0.998224	9.14526	11.8396	26.2118	0.941629	-0.124254	0.312884	276	0	74	2	2	0
0.0290863	0.518821	7.81135	11.5493	25.5911	0.179643	-0.93961	0.29131	74	0	75	2	1	1
0.0475412	0.494664	8.24606	15.6684	26.0408	1.54051	1.20869	-0.502668	80	280	76	2	1	0
0.0503692	0.957197	8.62302	15.9642	25.9178	0.233196	0.910631	-0.341132	279	281	76	2	2	0
0.0545274	0.800108	8.84623	16.8359	25.5913	-0.257338	0.900081	-0.351613	280	282	76	2	3	0
0.034202	1.04437	8.64033	17.556	25.3099	0.967012	0.203457	0.153275	281	0	76	2	4	0
0.0546355	0.512786	7.13631	13.5136	26.5564	-0.0475515	-1.86055	0.582309	78	284	77	2	1	1
0.0209896	1.2375	7.15513	12.988	26.7673	-0.519166	-0.851589	0.0725449	283	0	77	2	2	0
0.0554169	1.3426	7.70079	15.0553	26.1142	0.77328	-0.556994	0.302978	80	286	78	2	1	1
0.0483022	0.946951	8.739	14.3075	26.521	-0.461984	-0.534825	0.707484	285	287	78	2	2	0
0.0414096	1.39756	8.30152	13.801	27.191	-0.337272	-0.884791	0.321547	286	288	78	2	3	0
0.0353892	0.9062	7.83017	12.5645	27.6403	0.0562115	-0.122469	0.990879	287	0	78	2	4	0
0.045172	0.881838	7.99519	15.442	26.0925	-0.833919	0.54607	-0.0799135	80	290	79	2	1	1
0.0142749	0.580003	7.25981	15.9236	26.022	-0.192263	0.406155	-0.893349	289	0	79	2	2	0
0.052653	0.665196	7.94603	11.8519	25.7315	1.441	-0.0172358	-0.428012	75	292	80	2	1	1
0.0256268	0.563273	8.59229	11.7441	25.4949	0.520668	0.168709	-0.836924	291	0	80	2	2	0
0.05698	0.619218	6.70577	10.8516	25.6423	0.779329	1.41442	0.00926476	82	294	81	2	1	1
0.0211035	0.607724	7.00459	11.3939	25.6459	0.564111	0.771284	0.294789	293	0	81	2	2	0
0.067381	0.681555	5.61598	15.3385	26.3133	-0.337838	0.256244	-0.905651	89	296	82	2	1	1
0.0496921	0.778538	5.38572	15.5131	25.696	-0.401025	0.903719	-0.1499	295	297	82	2	2	0
0.041986	0.795949	5.07351	16.2167	25.5793	0.324816	0.894474	0.307265	296	0	82	2	3	0
0.0862832	1.28356	6.31388	12.6079	25.9702	-0.490629	-0.570444	0.658693	84	299	83	2	1	1
0.0203355	0.773363	5.68412	11.8757	26.8156	0.638748	-0.752155	-0.16206	298	0	83	2	2	0
0.071513	0.953526	6.38895	12.8443	26.2369	-0.941169	-0.4324	0.164577	85	301	84	2	1	1
0.0711972	1.70927	5.50459	12.6373	26.4942	-0.708359	0.0468331	-0.704297	300	302	84	2	2	0
0.0498366	0.858469	4.29381	12.7173	25.2903	-0.577548	-0.796239	0.180116	301	0	84	2	3	0
0.0678614	1.38734	5.67543	14.1146	26.0936	-0.499889	-0.511538	0.0894167	86	304	85	2	1	1
0.0658136	1.03223	4.6712	13.1871	26.3261	-0.205064	0.697799	-0.686312	303	305	85	2	2	0
0.0597273	0.893752	4.45953	13.9074	25.6177	-0.212526	0.911825	-0.351295	304	306	85	2	3	0
0.0435643	0.713333	4.26958	14.7223	25.3037	0.0234535	0.992255	-0.121985	305	0	85	2	4	0
0.0483229	1.89229	6.03547	15.6114	26.1983	0.28169	0.443107	0.0598058	90	308	86	2	1	1
0.0183605	1.51033	7.02095	17.1525	26.4447	-0.719956	0.466059	-0.514249	307	0	86	2	2	0
0.0507336	0.917467	6.53825	16.6106	26.1248	0.160621	0.529146	-0.83319	91	310	87	2	1	1
0.0112536	1.20389	6.68562	17.0961	25.3604	-0.981517	-0.137006	-0.133617	309	0	87	2	2	0
0.0483229	1.43755	6.00059	15.7237	26.1416	0.562923	0.408603	-0.0077859	90	312	88	2	1	1
0.018109	0.617019	7.17402	16.6097	26.0892	0.205115	-0.0263726	0.978382	311	0	88	2	2	0
0.0413105	1.12942	7.52158	10.5566	27.1268	-0.580822	0.0831453	-0.809774	92	0	89	2	1	1
0.0218872	0.746349	7.5643	10.6151	27.1786	0.888541	-0.394333	0.234513	92	0	90	2	1	1
0.0418019	1.44616	9.67417	12.6644	27.1652	0.620011	0.545961	-0.563483	94	0	91	2	1	0
0.0474298	0.629703	9.44408	12.3295	27.2057	-0.620472	0.727371	0.293165	94	0	92	2	1	0
0.038589	0.453067	10.0955	13.0511	27.2178	1.30142	-1.58018	0.825225	95	318	93	2	1	1
0.0386227	0.826151	10.2879	12.7807	27.3236	0.633232	-0.12312	-0.764106	317	319	93	2	2	0
0.0302686	1.22537	10.811	12.679	26.6923	0.349553	-0.900188	0.259756	318	0	93	2	3	0
0.038589	0.732661	9.78059	12.7966	27.2222	0.344504	-0.51236	0.786641	95	0	94	2	1	0
0.038589	0.535946	10.1211	13.1151	27.2158	-1.15574	1.37403	0.507662	95	322	95	2	1	1
0.015388	0.762195	9.78182	13.5669	27.3745	-0.879068	0.465179	0.104152	321	0	95	2	2	0
0.0597787	1.31402	7.48017	10.6957	27.2626	-0.804407	0.0896288	0.587279	92	324	96	2	1	0
0.0628981	1.06948	6.42317	10.8135	28.0343	-0.478583	0.849481	-0.222124	323	325	96	2	2	0
0.0588653	0.672669	5.91133	11.722	27.7968	-0.462833	0.886358	-0.0124251	324	326	96	2	3	0
0.0456794	1.63042	5.6	12.3182	27.7884	0.175941	0.962193	-0.207917	325	327	96	2	4	0
0.0319447	1.29492	5.88686	13.887	27.4494	0.171246	0.985225	0.00246084	326	0	96	2	5	0
0.172725	1.97568	5.90992	9.75179	19.9736	-0.24504	0.961834	0.121778	102	329	97	2	1	0
0.176718	0.982372	5.4258	11.6521	20.2142	-0.21218	0.910406	-0.355162	328	330	97	2	2	0
0.114498	1.25904	5.21736	12.5464	19.8653	0.686923	0.70331	0.183009	329	0	97	2	3	0
0.0924323	0.941432	2.20238	12.0366	19.7273	0.432167	0.85178	-0.464752	105	332	99	2	1	1
0.0917796	3.20104	2.49626	12.8334	19.313	-0.502502	-0.845238	0.181835	331	333	99	2	2	0
0.0619704	1.03791	0.887735	10.1277	19.8951	-0.856995	-0.492006	-0.153261	332	0	99	2	3	0
0.207864	0.855175	9.71299	7.74168	17.468	0.354738	-0.035138	-0.934305	106	0	100	3	1	0
0.126631	1.07344	7.66496	4.44204	17.2734	-0.880575	0.466085	0.0857439	110	0	101	3	1	1
0.0668876	0.0524529	8.3917	6.00218	17.9532	-0.667661	-0.744187	-0.0203849	111	0	102	3	1	0
0.0671109	0.288219	6.89011	5.16342	18.1645	0.566701	-0.664797	0.486718	111	0	103	3	1	0
0.0640719	0.777582	8.48703	7.50104	23.8381	0.0822311	0.902735	0.422265	114	339	104	3	1	1
0.0596052	0.860309	8.55097	8.20299	24.1665	0.10897	0.99304	0.0446958	338	340	104	3	2	0
0.0558889	1.16796	8.64472	9.05731	24.2049	-0.994922	-0.0354538	0.0941983	339	341	104	3	3	0
0.0466428	0.869912	7.48269	9.0159	24.315	-0.982502	0.185697	0.0143592	340	342	104	3	4	0
0.0334076	0.657478	6.628	9.17744	24.3274	-0.97881	-0.0332917	0.202046	341	0	104	3	5	0
0.0569715	0.393712	7.83914	5.65073	23.7607	-0.135558	-0.601105	2.46405	122	344	105	3	1	1
0.0576191	0.96958	7.80204	5.57038	24.1132	-0.706233	0.584251	0.399857	343	345	105	3	2	0
0.056526	1.12565	7.11729	6.13685	24.5009	-0.822733	0.0211547	0.568034	344	346	105	3	3	0
0.049435	0.745495	6.19118	6.16067	25.1403	-0.790327	0.415691	0.450094	345	347	105	3	4	0
0.0440223	0.934323	5.602	6.47056	25.4759	0.0305033	0.359552	0.932627	346	0	105	3	5	0
0.0366931	0.823345	8.02273	2.63271	23.1801	0.625668	0.779638	0.0265357	127	0	106	3	1	1
0.0451546	0.159128	7.78845	3.09333	23.375	-4.17266	-1.15865	4.55392	125	350	107	3	1	1
0.0157138	0.83303	7.68279	3.064	23.4904	-0.00870396	-0.202417	0.979261	349	0	107	3	2	0
0.0474787	1.10445	8.06385	2.63894	23.1334	0.888862	-0.170797	-0.0234606	127	352	108	3	1	1
0.0216772	1.21813	9.16935	2.4358	23.0627	0.0422534	-0.973572	-0.224436	351	0	108	3	2	0
0.0735507	0.386239	7.77378	5.6559	23.6429	2.33953	0.118951	-1.10261	121	354	109	3	1	1
0.0306669	1.23894	8.12279	5.67365	23.4784	0.691551	0.0112981	0.722239	353	0	109	3	2	0
0.0349641	0.901192	9.88281	6.64528	23.7579	1.08828	-0.210584	-0.0510539	133	356	110	3	1	1
0.0298897	0.487404	10.7667	6.47426	23.7164	0.686012	0.435937	0.582535	355	357	110	3	2	0
0.029791	0.477375	11.101	6.68673	24.0003	0.950044	-0.309235	-0.0423003	356	358	110	3	3	0
0.0212475	0.712759	11.5546	6.53911	23.9801	0.7507	-0.657376	-0.0656184	357	0	110	3	4	0
0.0398129	0.191557	12.1957	6.74833	24.2712	2.01217	-4.74696	0.81849	139	360	111	3	1	1
0.0445123	1.1491	12.2696	6.57415	24.3012	0.856989	-0.46183	0.228652	359	361	111	3	2	0
0.0492472	0.677278	13.2543	6.04346	24.5639	0.938213	0.342712	0.0480151	360	0	111	3	3	0
0.080837	0.595314	13.835	5.8171	24.0089	0.972	-0.204627	-0.115515	142	363	112	3	1	1
0.0628102	0.733408	14.4136	5.69529	23.9401	0.075024	-0.84373	-0.531498	362	364	112	3	2	0
0.0646951	0.891309	14.4687	5.07649	23.5503	-0.449795	-0.88776	-0.0978039	363	365	112	3	3	0
0.0545337	0.968333	14.0678	4.28522	23.4632	-0.0243615	-0.906437	-0.421637	364	366	112	3	4	0
0.0452255	0.693647	14.0442	3.40749	23.0549	-0.234549	-0.701071	-0.673414	365	367	112	3	5	0
0.0348322	0.616572	13.8815	2.92119	22.5878	-0.0270246	-0.497958	-0.86678	366	0	112	3	6	0
0.0586393	0.853009	13.6771	5.9663	23.9825	0.845673	0.0717365	0.528859	142	0	113	3	1	1
0.0389268	0.894195	13.7292	5.39603	24.3039	0.876784	0.0628108	0.476764	143	0	114	3	1	1
0.0515507	0.953192	13.3261	5.13652	24.2203	0.596514	-0.0289595	-0.80208	144	0	115	3	1	1
0.0770443	0.708638	13.2999	5.11235	24.2186	0.558536	-0.632979	-0.536075	144	0	116	3	1	1
0.0577348	0.973801	12.0382	6.12246	25.6049	-0.392789	0.942804	0.106624	147	373	117	3	1	0
0.065256	0.920746	11.6658	7.01651	25.706	-0.746232	0.0367354	0.664672	372	374	117	3	2	0
0.067598	0.628287	10.9787	7.05033	26.318	-0.856059	0.195475	0.478489	373	375	117	3	3	0
0.0587037	0.917414	10.4408	7.17315	26.6186	-0.805917	0.584451	0.0944242	374	376	117	3	4	0
0.0581083	0.971357	9.70146	7.70933	26.7053	-0.750868	0.204074	0.628133	375	377	117	3	5	0
0.0589262	0.950492	8.9721	7.90756	27.3154	-0.647145	0.696944	0.308985	376	378	117	3	6	0
0.0579811	0.909632	8.35699	8.57	27.6091	-0.786587	0.500718	0.361333	377	379	117	3	7	0
0.0637076	0.77195	7.64148	9.02547	27.9378	-0.520985	0.829355	0.201854	378	380	117	3	8	0
0.062724	0.778956	7.23931	9.66569	28.0936	-0.563474	0.823528	-0.0655562	379	381	117	3	9	0
0.0548099	0.729854	6.80039	10.3072	28.0425	-0.984095	-0.0970081	-0.148819	380	382	117	3	10	0
0.0543781	0.610747	6.08214	10.2364	27.9339	-0.973604	-0.0350804	0.225532	381	383	117	3	11	0
0.0528001	1.29169	5.48752	10.215	28.0716	-0.506094	0.814161	-0.284625	382	384	117	3	12	0
0.050887	0.602223	4.8338	11.2666	27.704	-0.863016	0.233255	-0.448102	383	385	117	3	13	0
0.0438312	0.847338	4.31407	11.4071	27.4341	-0.866049	0.200475	-0.458004	384	386	117	3	14	0
0.0449785	0.648375	3.58024	11.5769	27.0461	-0.0355641	0.862881	-0.504155	385	387	117	3	15	0
0.0365823	0.810177	3.55718	12.1364	26.7192	0.320761	0.834001	-0.448948	386	388	117	3	16	0
0.0348475	0.758756	3.81705	12.8121	26.3554	-0.41178	0.844883	-0.341483	387	389	117	3	17	0
0.0283939	1.02186	3.50461	13.4532	26.0963	-0.243497	0.959952	-0.13857	388	0	117	3	18	0
0.0560975	0.771817	12.0276	6.09347	25.6298	0.669072	-0.739133	-0.0776196	147	0	118	3	1	1
0.0565722	0.632294	10.9109	5.94971	25.7456	-1.51208	-0.413179	-0.210172	149	392	119	3	1	1
0.0570872	0.741951	10.3091	5.82411	25.6838	-0.9814	0.175671	0.0774146	391	393	119	3	2	0
0.0614043	1.00099	9.5809	5.95445	25.7413	-0.802308	0.399156	0.44382	392	394	119	3	3	0
0.0718823	0.662801	8.7778	6.354	26.1855	-0.759244	0.618748	-0.201739	393	395	119	3	4	0
0.0547031	0.858774	8.27457	6.76411	26.0518	-0.954925	0.183406	-0.233408	394	396	119	3	5	0
0.0407052	0.95356	7.45451	6.92161	25.8514	-0.539354	0.42639	0.726147	395	397	119	3	6	0
0.0328569	0.731301	6.9402	7.3282	26.5438	0.00530591	0.940176	0.340649	396	0	119	3	7	0
0.0460944	1.31121	10.9609	5.94351	25.8077	-0.913495	0.0132186	0.406636	148	0	120	3	1	1
0.0370169	2.00675	10.7589	7.5139	26.5298	-0.9529	0.28552	-0.102276	152	400	121	3	1	0
0.0240642	0.414953	8.84669	8.08687	26.3246	-0.588957	0.630732	0.505279	399	401	121	3	2	0
0.0296429	0.768033	8.6023	8.34859	26.5342	-0.653728	0.753764	-0.0669306	400	402	121	3	3	0
0.0246397	0.39626	8.10022	8.92751	26.4828	-0.66083	-0.743728	-0.100855	401	403	121	3	4	0
0.0259205	0.958278	7.83836	8.6328	26.4429	-0.860885	-0.184869	-0.474026	402	0	121	3	5	0
0.0568666	0.838316	10.5067	7.12772	25.8928	-0.771234	0.341005	-0.537506	150	0	122	3	1	1
0.0872626	0.338124	10.7023	7.52423	26.0257	0.525279	-0.181446	0.83136	151	0	123	3	1	1
0.0542576	0.805101	10.7024	7.617	26.0291	-0.177919	0.870787	0.867663	151	407	124	3	1	1
0.0551127	0.936031	10.6005	8.2219	26.5606	-0.347545	0.472757	0.809761	406	408	124	3	2	0
0.0565578	0.726552	10.2752	8.66442	27.3186	-0.458788	0.550203	0.697704	407	409	124	3	3	0
0.054567	0.78166	9.94183	9.06417	27.8255	-0.255076	0.870985	0.419907	408	410	124	3	4	0
0.0477959	0.894765	9.74245	9.74498	28.1537	0.237342	0.959594	-0.151155	409	411	124	3	5	0
0.0383781	0.699624	9.95482	10.6036	28.0185	-0.0636993	0.963958	-0.258318	410	0	124	3	6	0
0.0475812	0.939822	10.7315	8.52123	26.3684	-0.989511	0.144448	-0.00149451	152	0	125	3	1	1
0.0466731	0.968148	10.8447	9.51161	26.1333	-0.923395	0.142246	-0.356521	153	0	126	3	1	1
0.0503084	0.273447	10.8371	9.95992	25.9157	-1.95371	2.47811	1.84816	154	415	127	3	1	1
0.0220602	0.836085	10.683	10.1454	26.0444	-0.667241	0.240286	0.705019	414	0	127	3	2	0
0.0442439	1.59141	11.6654	10.6934	26.1239	-0.887904	-0.321542	-0.328996	155	417	128	3	1	1
0.012245	1.00909	10.2523	10.1817	25.6003	-0.987881	0.15234	0.0297082	416	0	128	3	2	0
0.0410426	1.15931	11.4183	10.2885	26.0402	0.79837	-0.59616	0.0848438	154	0	129	3	1	1
0.0496522	1.16466	11.3682	10.3879	26.0565	-0.403073	0.692069	0.309507	154	420	130	3	1	0
0.018144	1.75205	10.8215	11.3266	26.4764	-0.956118	-0.130554	0.262286	419	0	130	3	2	0
0.0432578	1.96059	12.1465	13.9135	25.4183	-0.804419	-0.583286	0.112633	159	422	131	3	1	0
0.0419869	0.789687	10.5694	12.7699	25.6392	-0.679013	0.454509	0.576508	421	423	131	3	2	0
0.0361493	0.813107	10.0332	13.1288	26.0944	-0.690276	0.722867	0.0313557	422	424	131	3	3	0
0.0279808	0.806784	9.47192	13.7166	26.1199	-0.800475	-0.401328	0.445169	423	0	131	3	4	0
0.0425332	1.1455	12.2781	13.581	25.3258	0.990922	0.129234	0.0370503	158	0	132	3	1	1
0.0439548	0.945027	12.1621	13.3467	25.3809	-0.852253	0.489783	-0.391794	158	427	133	3	1	1
0.0485958	1.02467	11.3799	13.756	25.1484	-0.997102	0.0753211	0.0106548	426	428	133	3	2	0
0.0323634	0.894748	10.3582	13.8332	25.1593	-0.346395	-0.139535	0.927653	427	0	133	3	3	0
0.0340025	1.04176	10.701	15.6642	24.7222	-0.690899	-0.0152211	0.722791	162	0	134	3	1	1
0.0593619	0.373789	12.1675	5.23229	24.7789	-0.974691	-1.48215	2.00261	145	431	135	3	1	1
0.0606306	1.93036	12.0031	4.93312	24.8407	-0.862547	-0.319612	0.392251	430	432	135	3	2	0
0.0618433	0.888345	10.3381	4.31616	25.5979	-0.750876	0.288894	0.593907	431	433	135	3	3	0
0.0625666	1.05156	9.67103	4.57279	26.1255	-0.985841	0.151123	-0.0726562	432	434	135	3	4	0
0.0552355	1.05246	8.63435	4.73171	26.0491	-0.99776	-0.0623869	-0.0241305	433	435	135	3	5	0
0.0572852	1.30445	7.58425	4.66605	26.0237	-0.991418	0.0275598	-0.127794	434	436	135	3	6	0
0.056412	1.01426	6.291	4.702	25.857	-0.763667	-0.645354	0.0181848	435	437	135	3	7	0
0.0475398	1.0691	5.51644	4.04744	25.8754	-0.990968	0.0472881	-0.125488	436	438	135	3	8	0
0.0401749	1.96503	4.457	4.098	25.7413	-0.479649	-0.842657	-0.244675	437	0	135	3	9	0
0.0025	0.287694	11.6161	3.95443	23.7075	1.70326	0.888471	2.8968	174	440	136	3	1	1
0.00151366	0.73663	11.7571	4.02797	23.9473	0.349777	0.902807	-0.250192	439	0	136	3	2	0
0.0453747	0.863261	13.0832	3.88245	23.4441	0.244575	0.815454	0.524612	177	0	137	3	1	1
0.0907887	0.98291	6.15284	5.96935	22.3645	0.78436	-0.607331	0.126211	185	0	138	3	1	0
0.0671002	0.86358	4.81658	4.11061	22.3799	0.534459	0.240258	0.810327	190	0	139	3	1	0
0.0609504	1.03091	6.0697	5.8785	22.1091	-0.787725	-0.519226	0.331502	184	0	140	3	1	1
0.0866118	0.62027	4.40357	5.61771	22.8373	-0.519872	0.818778	-0.243588	187	0	141	3	1	1
0.08322	0.869383	4.65541	5.56849	22.802	0.597989	-0.956642	-0.224272	186	447	142	3	1	1
0.106213	0.516778	5.10738	4.84543	22.6325	0.183926	0.274939	0.943705	446	448	142	3	2	0
0.0948441	0.837292	5.20243	4.98751	23.1202	0.701269	-0.520146	-0.487514	447	449	142	3	3	0
0.0717349	0.817326	5.7896	4.552	22.712	0.752594	-0.658419	0.00935092	448	450	142	3	4	0
0.0478762	0.933306	6.40471	4.01386	22.7196	0.0214171	-0.999429	0.0261342	449	0	142	3	5	0
0.0510328	1.90732	5.07682	2.80479	22.1541	0.313448	0.938248	-0.146425	192	452	143	3	1	1
0.0486211	0.876534	5.67467	4.59433	21.8748	-0.156297	0.910071	-0.383851	451	453	143	3	2	0
0.0386357	0.883012	5.53767	5.39204	21.5384	0.544703	-0.434893	-0.717054	452	0	143	3	3	0
0.0671002	0.57826	4.9732	3.94464	22.1717	0.0175954	-1.10668	-1.32873	190	455	144	3	1	1
0.0716215	0.910084	4.94624	3.67281	21.8507	-0.658786	0.703014	-0.267905	454	456	144	3	2	0
0.0474604	1.34489	4.34669	4.31261	21.6069	0.189824	0.970467	-0.148868	455	0	144	3	3	0
0.0609233	0.604884	4.90884	3.2153	22.2181	-0.646126	0.452666	1.45283	191	458	145	3	1	1
0.0229394	0.675646	4.67243	3.38092	22.7496	-0.856442	0.455918	-0.242168	457	0	145	3	2	0
0.0544841	0.875288	7.35527	4.70792	21.7259	0.788347	0.586924	-0.184469	193	0	146	3	1	1
0.0718986	0.360322	7.47625	4.47922	21.6589	1.28561	1.34354	-2.06019	193	461	147	3	1	1
0.0307477	1.19344	7.65417	4.60219	21.4633	0.81037	0.452561	0.37214	460	0	147	3	2	0
0.0540177	0.565495	5.86315	3.23258	21.2191	-0.915869	0.277859	0.289791	197	0	148	3	1	1
0.0376445	0.758511	5.23915	2.62413	21.1039	0.961475	-0.274242	0.0188918	198	0	149	3	1	1
0.0687532	1.72496	5.78735	8.43524	22.507	-0.493501	-0.227177	0.839552	202	0	150	3	1	1
0.046363	0.524395	4.509	8.39653	25.6714	-0.581003	-0.671536	0.459864	206	0	151	3	1	0
0.0380425	0.825607	4.87627	7.19899	25.5727	0.543715	0.539829	-0.642618	208	0	152	3	1	1
0.046081	0.796758	3.55922	6.82117	25.7343	0.728772	-0.880513	-0.518489	210	468	153	3	1	1
0.00718859	0.49362	4.0923	6.27062	25.4034	-0.542732	0.533575	-0.648645	467	0	153	3	2	0
0.0316093	0.877534	3.9192	6.87334	26.1689	0.657517	-0.746624	-0.101111	210	0	154	3	1	1
0.0368166	0.996768	3.71585	6.87879	26.0198	-0.495543	0.865747	-0.0701439	210	0	155	3	1	1
0.035204	0.718957	3.05029	7.20973	25.0556	-0.543574	-0.683286	0.487491	212	0	156	3	1	1
0.0477009	0.892113	3.34333	6.88503	25.4057	0.417982	-0.212391	-0.883279	211	0	157	3	1	1
0.0373005	1.70659	3.00452	7.29806	25.1428	0.349208	0.890095	-0.292889	212	0	158	3	1	1
0.0341872	0.687115	6.86529	6.85277	26.2492	-0.780184	-0.115139	-0.614863	218	0	159	3	1	1
0.051389	0.821054	6.30788	7.50519	24.0936	-0.991133	-0.0408886	0.126427	224	0	160	3	1	1
0.03804	1.75273	6.08563	7.31837	24.0432	0.527189	0.623162	0.577703	225	0	161	3	1	1
0.068135	0.386859	7.6868	8.14622	24.1391	2.25305	-0.572437	1.13044	222	478	162	3	1	1
0.0237609	1.09344	7.96426	8.06545	24.2766	0.232144	-0.970927	0.0583993	477	0	162	3	2	0
0.00238632	0.450088	8.57	9.75446	22.8321	0.248174	0.965708	0.0762749	228	0	163	3	1	1
0.0397189	0.229509	8.13278	9.57479	22.8806	1.05503	-3.23255	-2.72436	228	481	164	3	1	1
0.0164193	0.632315	8.17313	9.41189	22.7544	-0.235776	0.851409	-0.468521	480	0	164	3	2	0
0.068188	0.216997	6.76832	10.3723	22.5825	-0.770821	-0.429967	-0.470067	229	0	165	3	1	0
0.0560327	0.607839	7.63333	10.4358	24.1848	0.760718	0.594861	0.259709	233	0	166	3	1	1
0.0485229	0.808589	7.97222	11.4159	24.0533	-0.671777	-0.185188	-0.717231	237	0	167	3	1	1
0.00222356	0.738764	8.41821	10.2304	24.3618	0.366549	0.854729	0.367533	241	0	168	3	1	1
0.0635512	0.817029	8.77603	12.1082	24.2475	-0.408133	-1.1042	0.334974	244	487	169	3	1	1
0.0247312	1.63192	8.50928	11.4721	24.3648	0.555309	0.633078	0.539299	486	0	169	3	2	0
0.054206	0.741658	8.88346	11.7419	24.1203	0.640632	0.682461	0.351907	243	0	170	3	1	1
0.0635512	0.751996	8.9425	12.2506	24.2677	-0.695997	0.669574	0.259344	244	0	171	3	1	0
0.0615888	0.409416	9.27401	12.6812	24.2104	0.781381	-0.605825	0.149733	246	0	172	3	1	0
0.0588594	0.763299	9.39683	13.307	24.6182	0.871315	0.796896	-0.567568	246	492	173	3	1	1
0.0401872	0.38823	9.87521	13.8088	24.3719	0.844308	0.478382	-0.241442	491	0	173	3	2	0
0.0289001	1.29658	8.92976	14.9874	24.1235	-0.529127	-0.847044	0.0504081	249	0	174	3	1	1
0.0402241	0.603137	9.94279	11.0149	24.2434	1.37588	-0.129169	-0.916094	252	495	175	3	1	0
0.0179612	0.667108	10.4433	10.9679	23.9101	0.439134	0.754525	-0.487703	494	0	175	3	2	0
0.0402241	0.603906	9.90614	10.9847	24.2473	0.339345	-0.87	-0.357693	252	0	176	3	1	0
0.0025	0.23656	10.5497	10.7182	24.5468	1.67256	3.8011	0.789831	252	498	177	3	1	1
0.00161865	0.518596	10.6501	10.9242	24.6242	-0.463358	0.88373	-0.0657266	497	0	177	3	2	0
0.0296001	0.77427	9.21357	11.7849	23.2119	0.253004	-0.939929	-0.229179	257	0	178	3	1	1
0.0519474	0.601499	10.3044	12.1429	24.158	-0.25414	-0.11998	0.959697	258	0	179	3	1	1
0.0467099	0.565429	9.97823	12.3195	22.7997	-1.31163	0.486366	-1.08208	261	502	180	3	1	1
0.0501175	0.585511	9.55888	12.475	22.4537	-0.90117	0.0328967	0.432216	501	503	180	3	2	0
0.0467579	0.368181	9.03124	12.4943	22.7068	-0.913696	0.233116	0.332891	502	504	180	3	3	0
0.03714	0.851326	8.69483	12.5801	22.8293	-0.574737	0.596607	0.560123	503	505	180	3	4	0
0.0231182	0.451179	8.20555	13.088	23.3062	-0.775291	-0.555252	0.301029	504	0	180	3	5	0
0.035056	0.576497	10.1897	11.7857	22.7404	0.956663	0.0236791	-0.290234	262	0	181	3	1	1
0.043635	0.425904	10.1957	11.7465	22.7433	2.14656	0.313189	0.898358	262	508	182	3	1	1
0.0449765	0.602186	10.5851	11.8033	22.9062	0.724367	0.521915	0.450441	507	509	182	3	2	0
0.035601	0.646504	11.0213	12.1176	23.1775	0.832185	-0.216551	0.510464	508	0	182	3	3	0
0.032686	0.418644	10.6006	10.7499	22.7682	0.182951	-1.20841	2.05231	263	511	183	3	1	1
0.0158992	0.808039	10.6303	10.5129	23.1052	-0.93485	-0.162191	-0.315833	510	0	183	3	2	0
0.0384825	0.312612	10.3729	11.1536	22.7371	2.08842	-0.201404	2.41467	262	513	184	3	1	1
0.0219596	0.751776	10.5308	11.049	22.9178	0.870697	0.226217	0.436707	512	0	184	3	2	0
0.033138	0.634105	9.15246	9.63098	25.0354	-0.471573	0.836912	-0.277842	272	0	185	3	1	1
0.0392851	0.677068	9.5234	9.56822	25.016	-0.686773	0.0571815	1.30632	273	516	186	3	1	0
0.0159326	1.07882	9.20857	9.59443	25.6149	-0.806002	0.576059	-0.136078	515	0	186	3	2	0
0.0259599	0.484522	7.6681	10.3321	26.0266	0.902754	0.270345	0.334587	275	0	187	3	1	1
0.0270885	0.69317	7.65933	10.3103	26.0178	0.0448401	-0.654232	-0.754963	275	0	188	3	1	0
0.0451641	0.401002	8.20677	15.6967	26.0339	1.3289	-1.74009	1.19369	279	520	189	3	1	1
0.0498184	1.46674	8.46284	15.5631	26.0972	0.761792	-0.632117	0.141777	519	521	189	3	2	0
0.0384393	0.768527	9.58019	14.636	26.3052	0.47622	-0.728063	-0.493092	520	0	189	3	3	0
0.0449064	0.699961	8.77822	16.9771	25.4824	-0.610673	-1.19439	-0.491493	281	523	190	3	1	1
0.0454886	0.700714	8.51546	16.4266	25.2857	0.906706	-0.0524041	-0.418495	522	524	190	3	2	0
0.0478655	0.854067	9.1508	16.3899	24.9925	0.659433	-0.107634	0.744018	523	525	190	3	3	0
0.032472	0.968655	9.714	16.298	25.6279	0.814625	0.462793	0.349583	524	0	190	3	4	0
0.0405754	1.0478	8.70266	17.2306	25.3849	-0.822142	-0.443426	-0.35701	281	527	191	3	1	1
0.0424031	0.57565	7.84123	16.7659	25.0109	0.203568	-0.931004	-0.302972	526	528	191	3	2	0
0.0499458	0.513088	7.95841	16.23	24.8365	0.628492	-0.758589	-0.171874	527	529	191	3	3	0
0.0358832	0.615569	8.28088	15.8408	24.7483	0.940583	-0.104621	0.323045	528	530	191	3	4	0
0.038633	0.475841	8.85987	15.7764	24.9471	0.263657	-0.853396	0.449666	529	0	191	3	5	0
0.0449064	0.675387	8.76152	17.0267	25.4642	-1.21485	0.822492	-0.199774	281	532	192	3	1	1
0.0466026	1.05536	8.16798	17.395	25.3278	-0.153319	0.96032	0.232977	531	533	192	3	2	0
0.037988	0.688342	8.00617	18.4085	25.5736	0.595352	-0.661237	-0.456423	532	0	192	3	3	0
0.0595725	0.917458	8.73366	17.1584	25.4088	-0.617	-0.00279554	0.786958	281	535	193	3	1	1
0.0408079	0.695319	8.16759	17.1559	26.1308	-0.598785	0.794975	0.0973261	534	536	193	3	2	0
0.0274239	1.0937	7.75124	17.7086	26.1984	-0.715753	0.0301184	-0.697703	535	0	193	3	3	0
0.0022216	0.701132	6.65449	12.1642	26.8164	0.999719	-0.00295697	0.0235396	284	0	194	3	1	1
0.0451641	0.494466	8.26939	13.6951	27.3173	-0.64112	-0.458414	0.615484	286	0	195	3	1	0
0.0351888	1.13625	8.05362	13.2645	27.4001	-0.154922	0.98352	-0.0932103	287	0	196	3	1	1
0.0406128	0.778887	7.90559	12.8524	27.5675	-0.648073	-0.502669	0.572124	287	0	197	3	1	0
0.0185303	0.744121	7.86441	12.5419	28.1038	0.999014	0.0109272	0.0430272	288	0	198	3	1	1
0.0423301	0.391154	8.2809	11.7958	25.6239	-0.475928	-0.261014	0.839859	291	0	199	3	1	1
0.048456	0.813327	5.31473	15.483	25.633	-0.93077	-0.360674	-0.0598408	295	0	200	3	1	0
0.048456	0.687052	5.41083	15.4244	25.7631	0.414961	0.480165	-0.772819	295	0	201	3	1	0
0.0637186	1.37298	5.75879	12.4785	26.3699	-0.29996	-0.64424	-0.703547	300	0	202	3	1	1
0.0597577	1.21051	4.71919	12.7074	25.8091	-0.449851	-0.324829	0.831938	301	0	203	3	1	1
0.0644684	0.551337	4.55918	13.7896	25.7221	0.285662	-1.26738	-1.26567	304	548	204	3	1	1
0.0315019	1.27351	4.63229	13.4039	25.3945	-0.803289	0.567745	-0.179978	547	0	204	3	2	0
0.0025	0.396802	6.36831	17.5764	25.9994	-0.0705486	0.633993	0.770114	308	0	205	3	1	0
0.0540778	0.686014	6.84602	16.9728	26.3925	-0.571513	0.248859	0.781947	307	0	206	3	1	1
0.030726	0.595138	10.3176	12.7216	27.3843	-0.422412	-0.906152	-0.0213514	317	0	207	3	1	1
0.0319288	0.363109	10.9525	12.2843	26.8343	0.915156	-0.0770812	0.39566	319	0	208	3	1	1
0.0210333	0.752276	11.1422	11.7803	26.9762	-0.808493	0.317356	0.495605	319	0	209	3	1	1
0.0262505	0.59692	11.1515	11.7496	26.9829	-0.359662	-0.100974	0.927603	319	0	210	3	1	1
0.0366596	0.12313	10.0709	12.3425	27.5378	-0.337197	-0.842992	-0.419121	320	0	211	3	1	0
0.0141797	0.720204	9.68783	13.6097	27.3712	-0.225138	-0.930499	0.288935	322	0	212	3	1	1
0.00303334	0.508023	9.40094	13.7634	27.4046	-0.598341	-0.651532	-0.466362	322	0	213	3	1	1
0.0539935	1.43679	6.40116	10.814	27.9703	-0.233681	-0.935079	-0.266497	324	559	214	3	1	0
0.0540819	1.25711	6.06541	9.47044	27.5874	-0.805873	-0.451652	0.382858	558	560	214	3	2	0
0.0429093	2.05261	5.05233	8.90267	28.0687	-0.888789	-0.190814	-0.416706	559	0	214	3	3	0
0.0408534	0.915735	6.74268	10.7336	27.7475	0.852238	0.340172	0.397458	323	0	215	3	1	1
0.0532087	0.511709	5.84611	11.7437	27.8306	-0.88669	-0.425539	0.180825	325	0	216	3	1	1
0.0441346	1.06491	5.7893	11.8372	27.7734	-0.826246	0.468786	-0.31234	325	564	217	3	1	1
0.0150826	1.0036	4.90942	12.3364	27.4408	0.171083	0.983862	0.0524069	563	0	217	3	2	0
0.152728	1.07747	6.06582	9.83801	19.9678	0.96621	0.224151	-0.127256	328	0	218	3	1	0
0.124854	0.493834	4.10806	11.2585	19.5927	0.175221	-0.799727	0.574225	330	0	219	3	1	0
0.0819722	2.51186	2.15233	11.7635	19.8033	-0.202221	-0.933351	0.296585	331	0	220	3	1	1
0.0476053	1.89699	8.61676	8.26765	24.1574	-0.0523902	0.987234	-0.150413	339	0	221	4	1	1
0.0359905	0.699199	7.43672	8.98137	24.3348	-0.468059	-0.623548	-0.626185	341	570	222	4	1	1
0.0118642	0.519362	7.10945	8.54539	23.897	0.322845	-0.165612	-0.93185	569	0	222	4	2	0
0.0541229	0.459887	7.82931	5.60005	24.2018	0.491691	1.87618	0.983063	343	572	223	4	1	1
0.028176	0.678141	7.9333	5.99685	24.4097	0.965665	0.168351	-0.197862	571	0	223	4	2	0
0.0541229	0.822527	6.84302	6.12487	24.6253	-0.183906	-1.18734	-0.185696	345	574	224	4	1	1
0.00452698	0.305995	6.73227	5.32563	24.4946	-0.11235	-0.988452	0.101685	573	0	224	4	2	0
0.0182903	0.726419	9.19866	1.90948	22.9626	0.987814	0.0518954	0.14673	352	0	225	4	1	1
0.0239355	0.54948	10.9904	6.58262	23.9043	-0.508441	0.0772232	0.857627	356	577	226	4	1	1
0.0243738	0.506901	10.7111	6.62506	24.3755	-0.0340022	0.852753	0.521207	576	578	226	4	2	0
0.0220834	0.676401	10.6938	7.05732	24.6397	-0.225885	0.926156	0.302012	577	0	226	4	3	0
0.0374126	0.903701	12.332	6.52628	24.3633	-0.576927	0.0188247	0.816579	360	0	227	4	1	1
0.0430619	1.06268	12.4215	6.54252	24.3411	0.522146	0.850769	0.0596256	360	0	228	4	1	0
0.0344561	1.41738	13.4426	6.1637	24.5651	-0.720348	0.316343	0.617274	361	0	229	4	1	1
0.0489996	0.846478	14.2027	4.61814	23.4408	0.51176	-0.423187	-0.747673	364	0	230	4	1	1
0.0620524	0.253612	14.095	3.43136	23.0901	0.32943	-0.538628	0.775471	365	0	231	4	1	1
0.0348395	0.662074	13.9621	3.01988	22.693	0.310324	-0.527537	-0.790825	366	0	232	4	1	1
0.0548481	0.706986	11.657	6.88811	25.6993	-1.11696	-0.849611	-0.176744	372	586	233	4	1	1
0.0545136	1.04882	11.2584	6.47577	25.5981	-0.135193	-0.366621	-0.920496	585	587	233	4	2	0
0.0523723	0.532617	11.1166	6.09125	24.6326	-0.0876167	-0.488336	-0.868246	586	588	233	4	3	0
0.0241042	0.567008	11.07	5.83115	24.1702	0.684877	-0.658143	-0.312718	587	0	233	4	4	0
0.0413835	0.92693	11.542	7.00753	25.7306	-0.953993	-0.170225	-0.246821	373	590	234	4	1	1
0.0474774	0.677757	10.6577	6.84975	25.5018	-0.962438	0.266377	-0.0524963	589	591	234	4	2	0
0.039404	0.667696	10.0054	7.03029	25.4662	-0.918763	-0.200266	-0.340246	590	0	234	4	3	0
0.061639	2.06356	9.36585	7.84625	27.0443	-0.391442	0.782585	0.484081	376	593	235	4	1	1
0.0589953	1.09336	8.55809	9.46117	28.0432	-0.385394	0.889766	0.244517	592	594	235	4	2	0
0.0428615	1.5234	8.13671	10.434	28.3106	0.298972	0.906803	0.297195	593	0	235	4	3	0
0.0467272	1.1434	10.2391	7.31382	26.5832	-0.860771	-0.470836	-0.193355	375	0	236	4	1	1
0.0562282	1.21553	9.46154	7.81118	26.7234	-0.90901	-0.379904	0.171386	375	0	237	4	1	0
0.0459537	0.915156	4.76041	11.3161	27.615	-0.882654	-0.467117	-0.0521796	384	598	238	4	1	1
0.0464659	0.784297	3.95265	10.8887	27.5672	-0.808556	-0.489811	-0.326072	597	599	238	4	2	0
0.0347355	0.959531	3.3185	10.5045	27.3115	0.0521654	-0.869886	0.490487	598	0	238	4	3	0
0.0548481	1.3942	8.97124	7.99487	27.3407	0.097384	0.687075	0.1814	377	601	239	4	1	1
0.057916	0.92084	9.00816	9.35932	27.6571	0.824071	0.485805	-0.291376	600	602	239	4	2	0
0.0399438	0.707124	9.767	9.80667	27.3888	0.934302	0.353074	-0.0491825	601	0	239	4	3	0
0.0438851	0.883035	8.01931	8.71983	27.7308	-0.501527	-0.00571808	-0.865123	378	0	240	4	1	1
0.0550157	0.935105	7.66934	8.9422	27.8926	-0.791585	-0.440943	-0.423039	378	605	241	4	1	1
0.0617209	0.859129	6.92912	8.52987	27.497	-0.632729	-0.467975	-0.616971	604	606	241	4	2	0
0.0429697	1.33616	6.38553	8.12782	26.9669	-0.753744	-0.35358	-0.553942	605	0	241	4	3	0
0.0548481	0.656686	7.39583	9.31033	28.0445	-0.726452	-0.562596	-0.394655	379	0	242	4	1	0
0.0385835	0.945678	5.52843	10.1534	28.1486	-0.625909	-0.775676	-0.0810247	383	0	243	4	1	1
0.044731	1.04506	5.21034	10.5641	27.9262	-0.773398	-0.633902	-0.00491495	383	610	244	4	1	1
0.0114197	1.15155	4.40209	9.90164	27.9211	-0.749244	0.515921	-0.415282	609	0	244	4	2	0
0.0423958	0.68273	3.53161	11.7061	26.9553	-0.281197	-0.959522	-0.015684	386	0	245	4	1	1
0.0335898	0.851751	3.5	12.0791	26.7382	-1.1015	-0.35417	-0.199169	387	613	246	4	1	0
0.0341802	1.24896	2.70089	11.8222	26.5937	-0.162767	-0.768027	-0.619387	612	614	246	4	2	0
0.0280709	0.967301	2.4976	10.8629	25.8201	0.524207	-0.53682	-0.661083	613	0	246	4	3	0
0.02461	0.907104	3.62026	13.1864	26.2363	-0.391001	-0.250226	0.885723	388	0	247	4	1	1
0.0234743	0.696349	3.58226	13.2503	26.206	-0.864521	0.441252	0.240623	388	0	248	4	1	1
0.0197886	0.612592	3.51443	13.4923	26.0604	0.917951	0.376751	0.124197	388	0	249	4	1	1
0.0715913	1.15565	11.5691	7.00849	25.7059	0.287315	0.853371	-0.43498	373	619	250	4	1	1
0.0549837	0.88185	11.9012	7.99469	25.2032	-0.14644	0.985555	-0.0850645	618	620	250	4	2	0
0.070318	0.993032	11.772	8.8638	25.1282	0.542699	0.839542	-0.0254363	619	621	250	4	3	0
0.0540576	0.765112	12.3109	9.6975	25.1029	0.198348	0.972536	0.121788	620	622	250	4	4	0
0.0526476	0.662879	12.4627	10.4416	25.1961	0.315016	0.88103	-0.352918	621	623	250	4	5	0
0.0486832	1.08506	12.6715	11.0256	24.9621	-0.0294832	0.985291	-0.168325	622	624	250	4	6	0
0.0411313	0.928977	12.6395	12.0947	24.7795	0.52484	0.851186	-0.00504259	623	625	250	4	7	0
0.0319678	1.04911	13.1271	12.8854	24.7748	0.474737	0.863195	-0.171811	624	0	250	4	8	0
0.0468836	1.29838	8.83482	6.23067	26.1696	-0.814697	-0.579517	0.0207024	394	627	251	4	1	1
0.0129188	2.00273	7.77704	5.47824	26.1965	-0.699031	0.545093	0.462848	626	0	251	4	2	0
0.0543395	0.544562	8.35819	6.72706	26.0009	0.0852377	0.0689842	-0.99397	394	0	252	4	1	1
0.0250204	0.769615	6.93489	7.53046	26.6513	0.947787	-0.0170707	0.318446	397	0	253	4	1	1
0.027049	0.946201	10.6717	5.90516	25.9556	-0.664034	-0.708478	0.238995	398	0	254	4	1	0
0.0315119	0.747426	9.10263	7.75818	26.5578	-0.00469039	-0.666196	-0.745762	401	0	255	4	1	0
0.0245628	0.854965	7.96749	8.63742	26.4969	-0.160314	-0.913404	-0.374155	403	0	256	4	1	0
0.0260723	0.629021	9.82347	7.46043	25.4674	-0.124491	0.847918	0.515302	404	0	257	4	1	0
0.0375601	0.948816	10.4005	8.54189	26.9994	-0.52447	0.800107	0.291137	407	0	258	4	1	1
0.0515447	0.319732	10.222	8.75532	27.3446	1.19822	2.6593	-1.1289	408	636	259	4	1	1
0.0572186	0.855608	10.3102	9.0063	27.246	0.725228	0.389893	0.567475	635	637	259	4	2	0
0.0417058	1.07345	10.9307	9.3399	27.7315	0.764629	0.527364	-0.370446	636	0	259	4	3	0
0.040168	0.620656	10.1248	8.77677	27.446	-0.643493	0.129366	-0.754441	408	0	260	4	1	1
0.035535	0.669464	9.96638	10.792	27.9374	0.967229	-1.06986	-0.388735	411	640	261	4	1	1
0.0165623	0.63064	10.3508	10.1644	27.8631	0.80645	-0.476827	0.349677	639	0	261	4	2	0
0.0384226	1.14832	9.9476	10.76	27.978	0.368714	0.853428	-0.368391	410	0	262	4	1	0
0.00350167	0.141599	9.15383	10.3605	25.6414	0.314223	0.124394	0.941164	417	0	263	4	1	1
0.00212229	1.39152	9.4287	11.122	26.8705	0.125262	-0.983324	-0.131845	420	0	264	4	1	1
0.0360127	0.564227	10.395	12.8376	25.7805	-0.226311	-0.744127	-0.628537	422	0	265	4	1	1
0.0319304	0.522915	9.71925	13.4522	26.0726	-0.454511	-1.64075	-0.870898	423	646	266	4	1	1
0.0141005	1.14806	9.72351	12.9796	26.0186	0.33303	-0.942736	0.0184068	645	0	266	4	2	0
0.0306594	0.96577	10.7818	13.8496	25.1607	0.672834	-0.703038	-0.230288	427	0	267	4	1	1
0.0326626	0.448748	10.3569	13.8674	25.1229	-0.9182	0.39603	0.00829604	428	0	268	4	1	1
0.0448915	1.02266	11.0352	4.60183	25.2171	0.0564928	-0.76341	-0.643439	431	0	269	4	1	1
0.0573904	0.981588	10.8055	4.51274	25.3204	-0.274205	-0.74691	-0.605753	431	651	270	4	1	1
0.0615242	0.90699	10.5363	3.77958	24.7258	-0.998001	0.0599045	-0.0201588	650	652	270	4	2	0
0.0649242	0.802165	9.63112	3.83391	24.7076	-0.683951	-0.251374	-0.684852	651	653	270	4	3	0
0.0584434	0.9031	9.08248	3.63227	24.1582	-0.525695	-0.773054	0.355009	652	654	270	4	4	0
0.0591634	0.90697	8.60772	2.93413	24.4788	-0.72309	-0.444696	0.52857	653	655	270	4	5	0
0.053768	0.886393	7.9519	2.5308	24.9582	-0.960764	0.273081	-0.0485771	654	656	270	4	6	0
0.0481308	0.53836	7.10029	2.77286	24.9151	-0.675256	-0.719529	0.162197	655	657	270	4	7	0
0.0388348	0.693011	6.73675	2.38549	25.0025	-0.528642	-0.847593	0.0460866	656	658	270	4	8	0
0.0330511	0.722914	6.3704	1.7981	25.0344	-0.939254	0.0908822	0.330973	657	0	270	4	9	0
0.0626988	0.829473	11.0224	4.60946	25.2288	-0.516322	0.842366	-0.154374	431	660	271	4	1	1
0.0618888	0.725903	10.5942	5.30818	25.1007	-0.980862	-0.128935	-0.145895	659	661	271	4	2	0
0.0463487	0.90708	9.88215	5.21459	24.9948	-0.849814	-0.510665	0.130528	660	0	271	4	3	0
0.0471897	1.64248	9.94522	4.53289	25.9151	0.929346	-0.293853	-0.22353	432	0	272	4	1	1
0.0485607	0.53714	9.77099	4.59557	26.0333	0.357935	0.168951	0.918335	432	0	273	4	1	1
0.0563938	0.226256	9.55855	4.52976	26.137	-3.06668	-2.2187	-2.28194	433	665	274	4	1	1
0.0241308	0.679472	9.38002	4.42478	26.0205	-0.0205211	-0.999066	0.0380195	664	0	274	4	2	0
0.052374	0.76136	9.02128	4.70625	26.1302	0.486957	0.657421	-0.57504	433	0	275	4	1	1
0.0439433	0.483249	8.61774	4.72969	25.9935	-0.284074	-2.0471	-0.103991	434	668	276	4	1	0
0.0441916	0.833456	8.5514	4.25163	25.9692	-0.390009	-0.919803	0.043083	667	669	276	4	2	0
0.0325065	1.46333	8.22635	3.48502	26.0051	-0.948774	-0.274826	-0.155881	668	0	276	4	3	0
0.0563938	0.820223	8.2966	4.75008	26.0023	1.02787	0.649477	0.0897877	434	671	277	4	1	1
0.0261677	0.77717	8.98471	5.09942	26.0948	-0.626117	0.768949	0.129212	670	0	277	4	2	0
0.0551668	0.408809	7.02049	4.63983	25.9906	-1.25061	-0.0703431	2.10109	435	673	278	4	1	1
0.023671	0.550676	6.79457	4.59484	26.3213	-0.415175	-0.399302	0.817427	672	0	278	4	2	0
0.0570949	0.908916	7.05737	4.62377	25.9626	-0.476802	-0.878377	-0.0333673	435	675	279	4	1	1
0.0172832	0.957349	6.624	3.8254	25.9323	-0.785303	-0.482453	0.387991	674	0	279	4	2	0
0.0325265	1.08726	6.24682	4.67406	25.9139	-0.375801	0.820165	0.431397	436	0	280	4	1	1
0.0263437	1.07124	4.70275	4.0929	25.7249	0.298621	0.891875	0.339684	437	0	281	4	1	1
0.0479135	0.970646	9.94447	4.51965	25.8755	-0.15958	-0.902976	-0.39896	432	679	282	4	1	1
0.0181048	0.56541	9.78957	3.64318	25.4882	0.617129	-0.785637	-0.0438909	678	0	282	4	2	0
0.0703174	0.543627	6.6346	5.48714	22.4222	0.900261	0.302138	-0.313437	442	0	283	4	1	1
0.0334047	0.980266	6.43637	5.65801	22.3624	0.251914	-0.934594	-0.251144	442	0	284	4	1	1
0.0189423	0.925268	5.41839	5.51742	22.3471	-0.332586	0.366932	-0.868762	444	0	285	4	1	1
0.0654336	0.32651	6.24818	4.24427	22.7312	0.70589	0.689238	0.163309	449	0	286	4	1	0
0.0415667	0.700783	5.60862	4.27595	21.9568	0.982377	0.15386	-0.106124	451	0	287	4	1	1
0.0349388	0.893737	5.70577	5.29523	21.3773	-0.759022	-0.500462	0.416441	453	686	288	4	1	1
0.00822051	1.01271	5.0274	4.84795	21.7495	-0.263262	-0.284242	-0.9219	685	0	288	4	2	0
0.0319288	0.391372	5.59379	4.20936	21.9565	0.592627	-0.573916	-0.565167	451	0	289	4	1	1
0.0637452	0.820361	4.85001	3.73228	21.7526	-0.299919	-0.00103947	-0.953964	455	0	290	4	1	0
0.0621763	0.762402	4.4847	4.0608	21.6889	-0.661464	-0.574816	-0.481718	455	0	291	4	1	1
0.0450233	1.39108	4.75832	3.76911	21.7881	-0.714995	0.667095	-0.209203	455	0	292	4	1	1
0.0202486	0.500346	4.40124	4.83725	21.5225	-0.990767	0.104897	-0.0858927	456	0	293	4	1	1
0.0239495	1.00111	4.56826	5.66763	21.4213	-0.915602	-0.321735	0.241162	456	0	294	4	1	1
0.0375084	1.20852	3.96961	6.30131	25.3862	-0.233724	-0.678841	-0.696095	467	0	295	4	1	1
0.0303516	0.54911	8.88159	11.9047	24.759	0.719092	-0.675356	-0.163709	487	0	296	4	1	1
0.0273719	0.64438	8.82078	11.8548	24.7005	-0.856537	0.334232	0.393235	487	0	297	4	1	1
0.0347272	0.606995	8.64126	11.8739	24.3698	-0.832865	0.538005	0.129951	486	0	298	4	1	0
0.0320477	1.11059	8.32115	13.0154	23.1958	-0.851627	-0.421651	0.311354	504	698	299	4	1	1
0.0106424	1.00456	7.37534	12.5472	23.5416	0.812669	-0.505374	-0.290114	697	0	299	4	2	0
0.0367375	0.632385	9.17586	12.4458	22.6085	-0.927535	-0.31825	0.195946	502	0	300	4	1	1
0.015359	1.19552	8.19734	13.0573	23.3257	0.997343	-0.0211419	-0.0697174	505	0	301	4	1	1
0.0219623	0.293098	8.2512	13.1482	23.2898	-1.83945	2.7261	0.908489	505	702	302	4	1	1
0.00994876	0.617406	8.09916	13.403	23.3607	-0.535286	-0.247194	-0.807691	701	0	302	4	2	0
0.0196564	0.60027	8.17742	13.091	23.3269	0.274574	0.856135	0.437769	505	0	303	4	1	1
0.0219623	0.42819	7.97393	12.9413	23.4105	-0.233577	1.74748	1.53163	505	705	304	4	1	1
0.0230014	0.791115	7.92712	13.235	23.6059	0.687237	-0.676028	0.265879	704	706	304	4	2	0
0.0197177	0.958876	8.4708	12.7002	23.8162	-0.774857	-0.629182	0.0610448	705	0	304	4	3	0
0.0443744	0.519103	9.68795	12.3601	22.4346	-0.696444	0.672808	0.24959	503	0	305	4	1	0
0.0370645	0.571918	11.0295	12.0787	23.1899	0.356662	-0.796469	-0.488291	509	0	306	4	1	1
0.0407769	0.572407	10.8254	12.0279	23.0896	-0.401543	0.837925	0.369655	508	0	307	4	1	0
0.0324879	0.531287	10.8523	11.9468	23.0344	-0.0146364	0.66039	-0.75078	508	0	308	4	1	1
0.01813	0.509925	8.91536	10.0462	24.8627	-0.211762	-0.491714	-0.844615	514	0	309	4	1	1
0.0321113	0.584467	9.20057	9.57813	25.5514	-0.868934	-0.388177	-0.307038	515	0	310	4	1	1
0.0371849	1.01176	10.0388	16.4478	25.7481	-0.205901	-0.499228	-0.841651	525	0	311	4	1	1
0.0413084	0.314295	7.81902	16.6921	25.0103	-0.708768	0.215689	0.671659	527	0	312	4	1	1
0.0383645	0.812868	7.85191	16.2839	24.8403	-0.970497	-0.0492069	-0.236038	528	0	313	4	1	0
0.0359741	0.625126	7.9849	16.1205	24.8117	-0.963718	-0.210626	0.163961	528	0	314	4	1	1
0.0416276	1.84264	8.91825	17.1226	25.2497	-0.756499	-0.272713	0.594421	534	0	315	4	1	1
0.0460332	0.267615	4.48019	15.3785	25.5806	-0.59759	0.78263	0.174288	543	0	316	4	1	0
0.0507165	0.367354	5.79483	9.37775	27.6859	0.599821	0.23339	2.64499	559	720	317	4	1	1
0.0210245	1.45002	5.86344	9.41287	28.028	-0.184895	-0.736221	-0.650994	719	0	317	4	2	0
0.0507165	0.307744	5.63592	9.27154	27.7397	-1.6309	2.43212	-1.40851	559	722	318	4	1	1
0.0212595	1.29551	5.47011	9.51811	27.5626	0.40034	-0.658704	-0.637054	721	0	318	4	2	0
0.0163898	1.10813	7.48896	11.0755	28.1018	-0.379554	0.395336	-0.83645	561	0	319	4	1	1
0.0234214	0.529776	5.40418	11.4739	27.9143	0.102564	-0.819798	0.563393	562	0	320	4	1	1
0.139786	0.451726	7.16511	10.8281	19.7961	0.830884	0.539781	-0.135156	565	0	321	4	1	0
0.0393266	0.634775	6.72307	5.47797	24.5747	-0.74663	0.275176	0.605659	573	0	323	5	1	1
0.0189375	0.601136	10.7038	7.10007	24.642	0.992848	-0.0307878	0.115347	578	0	324	5	1	1
0.0409089	0.431418	12.6109	7.27464	24.2202	-0.134033	0.853689	0.50324	580	0	325	5	1	0
0.022515	0.650812	14.212	3.35706	23.2249	0.891665	-0.0524725	-0.449645	583	0	326	5	1	0
0.0288774	0.393103	9.73765	7.00056	25.3988	0.105579	0.907536	0.406488	591	0	327	5	1	0
0.0510578	0.795602	8.26069	10.2928	28.2783	0.684562	0.510506	0.520345	593	732	328	5	1	1
0.0499321	1.16081	8.80533	10.699	28.6923	-0.0552056	0.964198	-0.259373	731	733	328	5	2	0
0.0410351	0.981607	8.74125	11.8182	28.3913	0.728669	-0.554682	-0.401708	732	0	328	5	3	0
0.0426466	1.369	8.42667	9.88977	28.1883	-0.90517	-0.0870647	0.416038	593	0	329	5	1	1
0.0355165	0.851663	5.96784	7.90742	26.6973	-0.341638	-0.648602	0.680147	606	0	330	5	1	1
0.0521057	0.831594	6.80205	8.40084	27.4265	-0.717051	0.928306	-0.264797	605	737	331	5	1	0
0.018913	1.0093	6.30618	9.0428	27.2434	0.189727	0.297431	-0.935702	736	0	331	5	2	0
0.00217215	0.827666	4.08817	10.1049	27.7458	-0.320419	-0.93995	-0.117586	610	0	332	5	1	1
0.038191	0.586561	3.32856	11.1638	26.9485	-0.355411	0.121407	-0.926792	611	0	333	5	1	1
0.0291771	1.52205	2.71237	11.9343	26.6414	-0.145047	0.521918	-0.840573	613	741	334	5	1	0
0.00952541	1.16181	2.4916	12.7287	25.362	0.471276	0.83878	-0.272668	740	0	334	5	2	0
0.0212733	0.793286	2.61217	10.7541	25.6445	-0.54976	0.700146	-0.455587	614	0	335	5	1	1
0.0414924	0.618945	2.54449	11.1423	26.0026	0.827006	-0.121656	-0.548873	613	0	336	5	1	1
0.0218038	0.667433	2.75256	10.6057	25.4638	-0.147093	-0.787727	0.598205	614	0	337	5	1	1
0.0276196	0.604477	2.76915	10.5946	25.4475	0.452256	-0.197624	0.869718	614	746	338	5	1	1
0.0233117	0.814967	3.04253	10.4751	25.9732	-0.264464	-0.647901	0.714341	745	747	338	5	2	0
0.0243825	0.850868	2.827	9.9471	26.5554	0.992515	-0.0193131	0.120582	746	0	338	5	3	0
0.0344998	1.17606	11.6769	7.38426	25.4402	-0.99046	0.0674835	-0.120142	618	0	339	5	1	1
0.0467149	1.72759	11.7774	8.48201	25.1816	-0.925161	-0.359685	0.121261	619	0	340	5	1	1
0.0521057	1.87704	12.0219	9.16197	25.0669	-0.526782	-0.0727281	0.0322091	620	751	341	5	1	0
0.0217823	0.488467	10.1659	8.90573	25.1804	-0.96994	0.0583776	0.236239	750	0	341	5	2	0
0.039844	0.951067	12.2573	9.69995	25.1123	-0.949551	0.195288	0.245388	621	0	342	5	1	1
0.0540821	1.52074	12.1565	9.36323	25.0646	0.316097	-0.0144898	-0.948616	620	754	343	5	1	1
0.0560068	1.18594	12.6372	9.34119	23.622	0.138039	-0.990187	0.0217829	753	755	343	5	2	0
0.0408395	1.18283	12.8009	8.16689	23.6478	0.576288	-0.816719	-0.0293741	754	0	343	5	3	0
0.0367694	2.01449	12.7085	11.4175	24.894	0.521566	-0.853185	-0.0066481	623	0	344	5	1	1
0.0303678	1.39399	12.8399	12.3465	24.7927	-0.951223	0.238936	-0.19515	624	0	345	5	1	1
0.0195292	0.71878	7.42681	5.73611	26.4181	-0.510408	0.458348	-0.727599	627	759	346	5	1	1
0.00532662	1.06376	7.05994	6.06556	25.8952	-0.933293	0.289729	-0.212183	758	0	346	5	2	0
0.0187721	1.00492	7.20152	5.91136	26.5682	0.372183	-0.90834	0.190782	627	0	347	5	1	1
0.0233347	0.131855	8.57987	7.71282	25.8479	0.751495	-0.361219	-0.552065	632	0	348	5	1	0
0.0233347	0.853136	7.39865	7.57778	26.0426	-0.106668	-0.21106	0.971636	632	0	349	5	1	0
0.0409299	0.777864	11.1272	9.44535	27.6793	0.47659	-0.268081	-0.837254	637	0	350	5	1	0
0.0489675	0.300908	10.801	9.27962	27.7019	-1.75186	1.65903	2.28533	636	765	351	5	1	1
0.0509904	0.781984	10.6357	9.43743	27.914	0.200994	0.711008	-0.673847	764	766	351	5	2	0
0.0398117	0.821797	10.7929	9.99343	27.387	-0.255826	0.951273	0.17214	765	0	351	5	3	0
0.0025	0.403468	9.48672	10.6786	26.8125	-0.879874	-0.126603	0.458032	643	0	352	5	1	0
0.00252345	0.331813	9.98035	12.2146	26.0272	0.224099	0.449226	0.864856	646	0	353	5	1	1
0.062207	1.10315	7.82471	2.62105	24.9646	0.477466	-0.806201	-0.34938	655	770	354	5	1	1
0.04899	0.723516	8.35143	1.73169	24.5792	-0.181924	-0.98006	0.0799091	769	771	354	5	2	0
0.0468617	0.782327	8.2198	1.0226	24.637	0.696348	-0.714755	0.0650081	770	772	354	5	3	0
0.0378517	0.858099	8.76457	0.463429	24.6879	0.592076	0.165717	-0.78866	771	773	354	5	4	0
0.0284925	0.930888	9.27263	0.60563	24.0111	0.818031	0.381292	-0.430629	772	0	354	5	5	0
0.0535741	0.494297	9.74967	3.819	24.771	-1.42676	1.36512	0.440054	651	775	355	5	1	1
0.0547647	0.973565	9.39972	4.15022	24.8894	-0.876901	0.419107	0.235359	774	776	355	5	2	0
0.0524845	1.17696	8.546	4.55825	25.1185	-0.99704	-0.0423803	0.0641485	775	777	355	5	3	0
0.0449241	0.987963	7.37252	4.50837	25.194	-0.530911	-0.820289	-0.212743	776	778	355	5	4	0
0.0346399	0.907122	6.848	3.69795	24.9838	-0.628125	0.00329042	0.778105	777	0	355	5	5	0
0.0598984	1.22095	9.56982	3.86882	24.7144	-0.977081	-0.102572	0.186524	652	780	356	5	1	1
0.0553367	0.588471	8.37685	3.74359	24.9422	-0.695615	0.550432	-0.461676	779	781	356	5	2	0
0.0441962	0.495678	7.9675	4.0675	24.6705	-0.680286	0.729313	-0.0728952	780	0	356	5	3	0
0.0495242	1.42731	8.05767	2.4667	24.9213	0.825562	-0.262989	-0.499284	655	783	357	5	1	1
0.0456764	1.11754	9.236	2.09133	24.2087	-0.284256	-0.829003	0.481614	782	784	357	5	2	0
0.0397321	1.14018	8.91833	1.16489	24.7469	0.54807	-0.785718	-0.286823	783	0	357	5	3	0
0.0250923	0.929985	6.68919	2.37968	24.993	-0.809665	0.579831	-0.0907642	657	0	358	5	1	1
0.0293181	0.590407	6.68821	2.26566	24.9765	0.620445	-0.307971	-0.72125	657	0	359	5	1	1
0.0215185	1.5007	5.92943	1.80817	25.182	0.944313	-0.32902	-0.00428662	658	0	360	5	1	1
0.0295816	1.23729	6.48094	1.93448	24.9941	-0.842832	-0.528509	0.101554	657	789	361	5	1	1
0.00929445	0.633489	5.43811	1.28056	25.1197	0.695169	-0.393188	-0.601784	788	0	361	5	2	0
0.0293157	0.95123	5.01051	1.93052	25.4786	0.54956	0.262621	-0.793104	658	0	362	5	1	0
0.0535741	1.36902	9.85495	3.8662	24.8539	0.498175	-0.809957	-0.309501	652	0	363	5	1	0
0.0372195	0.70444	9.65392	5.10832	25.0662	0.557493	-0.74405	-0.368229	661	0	364	5	1	1
0.045188	0.563133	9.91944	5.2401	25.0598	-0.807795	0.584648	0.0751912	660	0	365	5	1	1
0.0304969	0.710222	9.22118	4.86532	25.1148	-0.374449	0.918813	0.124786	661	0	366	5	1	1
0.0236328	0.588614	9.35825	4.18092	26.0472	0.928325	0.000279663	0.371771	665	0	367	5	1	1
0.0535741	0.399683	9.38715	4.47522	26.0381	-0.920316	0.334333	-0.203078	664	0	368	5	1	0
0.037925	0.371445	9.20961	5.0202	25.9212	-0.900225	0.428232	-0.078815	666	0	369	5	1	1
0.0292608	0.861888	8.03033	3.4007	25.9525	0.995151	-0.0447298	-0.0875972	669	0	370	5	1	1
0.00249738	0.915952	6.20943	3.55339	26.1312	-0.0711269	-0.690194	-0.72012	675	0	371	5	1	1
0.00239469	0.892549	6.27774	3.5954	26.0974	-0.957678	-0.287789	0.00561124	675	0	372	5	1	1
0.0178446	0.825086	4.8743	4.54777	25.9206	-0.846877	0.531592	0.0144508	677	0	373	5	1	1
0.0326087	0.508531	9.74673	3.66566	25.5088	-0.66458	-0.728305	-0.167051	678	0	374	5	1	1
0.00950099	0.542172	9.5167	13.0416	23.2428	-0.0667219	-0.725416	0.685069	700	0	375	5	1	1
0.019911	1.11086	5.80283	9.12544	27.7996	0.475013	-0.709858	0.520062	720	0	376	5	1	1
0.019027	0.804061	5.59386	9.28348	27.3617	-0.777024	0.534907	-0.331825	722	0	377	5	1	1
0.00180357	1.01704	5.86484	8.84434	26.9395	-0.956479	-0.0123719	0.291539	722	0	378	5	1	1
0.0178011	0.580222	7.33919	9.75009	28.6627	-0.138761	-0.990231	-0.013676	734	0	379	6	1	1
0.0504942	0.477591	6.35866	8.90418	27.3053	-0.693807	-0.677662	-0.243735	736	0	380	6	1	1
0.024478	0.454847	2.68379	12.1355	26.3056	0.93767	0.0137038	-0.347258	740	0	381	6	1	1
0.0129829	1.0306	2.5904	12.4492	25.7824	0.413198	-0.711342	-0.568559	740	0	382	6	1	1
0.0212448	0.611142	2.74907	10.6632	25.4012	0.217958	-1.56663	-0.419031	744	812	383	6	1	1
0.00913529	0.989123	2.8333	10.1075	25.2747	-0.697978	-0.712514	-0.0717655	811	0	383	6	2	0
0.020762	1.20889	3.42565	9.91144	26.6325	0.0349168	-0.811142	-0.583807	747	0	384	6	1	0
0.0193246	0.581693	2.93282	10.254	26.2457	-0.53177	0.824944	0.191541	746	0	385	6	1	1
0.0491668	1.69916	11.4964	8.33807	25.186	-0.908554	-0.416968	0.0258203	749	0	386	6	1	1
0.0219701	0.854446	10.5176	7.98746	25.3937	-0.799427	0.600757	0.00285646	749	0	387	6	1	1
0.0253904	0.604508	11.6476	9.82277	25.2287	0.347908	0.78047	-0.519449	752	0	388	6	1	1
0.0495004	0.228319	12.6787	9.38407	23.5999	0.0345342	2.86662	3.31123	753	819	389	6	1	1
0.060637	0.851314	12.5172	9.66197	23.6877	0.167448	0.277254	-0.946093	818	820	389	6	2	0
0.034446	1.0304	12.6597	9.898	22.8822	-0.466714	0.870072	-0.158595	819	0	389	6	3	0
0.0548755	0.671011	12.6108	9.13079	23.6172	0.58567	-0.643843	-0.492399	754	822	390	6	1	1
0.0147413	1.0965	13.0038	8.69877	23.2868	0.895174	-0.433796	-0.102394	821	0	390	6	2	0
0.0282157	0.600664	12.7706	8.1462	23.63	-0.851203	-0.00388173	-0.524823	755	0	391	6	1	1
0.00697239	1.0728	7.48183	5.18073	26.7138	-0.974178	-0.201397	0.102056	760	0	392	6	1	1
0.0388834	0.61542	11.4798	9.14094	27.2752	-0.302284	-0.61873	0.725119	763	0	393	6	1	0
0.0388834	0.336332	11.0331	9.04292	27.3811	0.279356	-0.364233	-0.888422	763	0	394	6	1	0
0.0436412	0.64417	10.698	9.73206	27.5766	0.933501	-0.0155491	-0.358238	765	0	395	6	1	1
0.0454655	0.465901	10.6793	9.66614	27.6391	-0.894147	-0.422983	-0.146922	765	0	396	6	1	1
0.0371157	1.61888	8.8487	0.454677	24.5519	0.461504	0.549275	-0.696643	772	0	397	6	1	0
0.0508954	0.510968	9.44368	4.1814	24.8542	0.414354	0.735552	-0.535979	775	0	398	6	1	0
0.044464	1.19439	8.245	4.59379	25.1171	-0.908663	0.385207	0.161081	776	832	399	6	1	1
0.0134989	0.949547	7.1597	5.05388	25.3095	-0.992626	-0.066737	0.101188	831	0	399	6	2	0
0.0460764	1.50074	7.38258	4.44132	25.1851	-0.528249	-0.733701	-0.427359	777	0	400	6	1	1
0.00954015	1.0063	6.81009	1.48526	25.1628	-0.393147	-0.912619	-0.112082	787	0	401	6	1	1
0.0121217	0.516884	7.06468	1.39921	25.1595	0.347137	0.820358	-0.454432	787	0	402	6	1	0
0.00979951	0.565539	2.89352	11.915	25.3717	-0.780144	-0.616406	-0.106855	810	0	403	7	1	1
0.00912598	0.513329	3.03207	11.6914	25.1605	-0.913422	-0.401113	0.0690543	810	0	404	7	1	1
0.0285074	0.709896	12.3389	10.4238	22.7795	-0.991269	0.0302376	0.128339	820	0	405	7	1	0
0.0470254	0.741147	12.5486	9.65951	23.4806	-0.874138	-0.971264	-0.336198	819	840	406	7	1	1
0.0467313	1.19645	11.9339	9.19244	23.2776	0.544754	0.838549	0.00887157	839	841	406	7	2	0
0.0334159	1.00734	12.5857	10.1957	23.2882	0.969168	-0.208855	-0.130743	840	0	406	7	3	0
0.0025	0.809634	13.4267	8.5075	23.2472	0.651896	1.00684	0.29469	822	843	407	7	1	1
0.00157216	1.1043	13.7792	9.14779	23.5748	-0.130722	0.990272	0.0476691	842	0	407	7	2	0
0.0292318	0.567579	7.6073	4.85546	25.1853	-0.0137315	0.937192	-0.348544	831	0	408	7	1	1
0.0066436	0.512767	6.60809	1.02879	25.1147	0.54295	-0.839735	-0.0070872	834	0	409	7	1	1
