0.408541	3.79775	13.9197	11.1485	0.00945262	0.00481865	-0.128865	0.99165	0	2	1	0	1	0
0.341016	3.08147	13.938	10.6591	3.7755	-0.00505887	-0.0484638	0.998812	1	3	1	0	2	0
0.313685	2.88615	13.9224	10.5097	6.85331	0.00765313	-0.0410168	0.999129	2	4	1	0	3	0
0.302075	2.50583	13.9445	10.3913	9.73694	0.0164359	-0.043866	0.998902	3	5	1	0	4	0
0.303172	2.75063	13.9857	10.2814	12.24	0.0175401	-0.061758	0.997937	4	6	1	0	5	0
0.290143	2.46535	14.034	10.1116	14.985	-0.00356465	-0.0401009	0.999189	5	7	1	0	6	0
0.26723	2.32982	14.0252	10.0127	17.4483	-0.0518981	-0.031524	0.998155	6	8	1	0	7	0
0.253535	2.71265	13.9043	9.93925	19.7738	0.0154411	0.0680008	0.997566	7	9	1	0	8	0
0.197895	2.28448	13.9461	10.1237	22.4799	-0.149189	0.382145	0.91198	8	10	1	0	9	0
0.156548	1.71765	13.6053	10.9967	24.5633	-0.426231	-0.101169	0.898939	9	11	1	0	10	0
0.108792	1.52154	12.8732	10.8229	26.1074	0.443202	-0.221186	0.868705	10	12	1	0	11	0
0.0942103	0.97887	13.5476	10.4864	27.4291	-0.23189	-0.853601	0.466468	11	13	1	0	12	0
0.0631566	1.17977	13.3206	9.65083	27.8857	0.259052	-0.371071	0.891739	12	0	1	0	13	0
0.111942	0.780399	13.9761	9.82513	14.7855	0.0395433	-0.967042	0.839786	5	15	2	1	1	0
0.109383	0.609165	13.9636	9.27304	15.339	0.390233	-0.577478	0.717103	14	16	2	1	2	0
0.0969502	0.880008	14.2014	8.92126	15.7758	0.431162	-0.296497	0.852167	15	17	2	1	3	0
0.0802554	0.742146	14.5808	8.66034	16.5257	0.288053	-0.255136	0.923001	16	18	2	1	4	0
0.0817918	0.658799	14.7946	8.47099	17.2107	0.234466	-0.284804	0.929469	17	19	2	1	5	0
0.0791806	0.665551	14.949	8.28336	17.8231	0.309801	-0.327372	0.892665	18	20	2	1	6	0
0.0730809	0.605354	15.1552	8.06548	18.4172	0.316578	-0.496242	0.808407	19	21	2	1	7	0
0.0747543	0.578262	15.3469	7.76508	18.9066	0.344503	-0.622124	0.70305	20	22	2	1	8	0
0.0683292	0.63982	15.5461	7.40533	19.3131	0.423304	-0.611329	0.668648	21	23	2	1	9	0
0.0734506	0.597217	15.8169	7.01418	19.7409	0.376371	-0.656049	0.654175	22	24	2	1	10	0
0.0711138	0.632975	16.0417	6.62238	20.1316	0.391109	-0.719587	0.573785	23	25	2	1	11	0
0.0635357	0.817747	16.2892	6.1669	20.4948	0.626202	-0.690826	0.361428	24	26	2	1	12	0
0.0567503	0.633448	16.8013	5.60198	20.7903	0.582784	-0.777905	0.235004	25	27	2	1	13	0
0.0477365	0.417125	17.1705	5.10922	20.9392	0.571247	-0.805094	0.159689	26	28	2	1	14	0
0.0517553	0.476412	17.4088	4.77339	21.0058	0.671327	-0.733078	0.109161	27	29	2	1	15	0
0.0455192	0.748988	17.7286	4.42415	21.0578	0.649303	0.325263	0.687466	28	30	2	1	16	0
0.0331774	0.688449	18.2149	4.66776	21.5727	0.248403	-0.00524248	0.968643	29	31	2	1	17	0
0.0238112	0.60108	18.3859	4.66416	22.2396	-0.148413	-0.704908	0.693598	30	0	2	1	18	0
0.199839	1.93551	13.9951	9.81329	21.5338	0.0749338	-0.656687	0.750431	8	33	3	1	1	0
0.195262	0.904574	14.1401	8.54226	22.9863	0.051724	-0.315209	0.947612	32	34	3	1	2	0
0.138131	0.882984	14.1869	8.25713	23.8435	0.112642	-0.656895	0.74552	33	0	3	1	3	0
0.0983174	1.54605	14.204	10.121	22.871	0.954483	0.0315702	0.29659	8	36	4	1	1	0
0.111175	0.602329	15.6797	10.1698	23.3295	0.554747	0.0288875	0.831518	35	37	4	1	2	0
0.120123	0.690878	16.0138	10.1872	23.8304	0.544146	-0.608797	0.577297	36	38	4	1	3	0
0.0928815	0.734302	16.3898	9.76664	24.2292	0.473947	-0.796704	0.375016	37	39	4	1	4	0
0.10931	0.754218	16.7378	9.18162	24.5046	0.389123	-0.851104	-0.352426	38	40	4	1	5	0
0.0852201	0.605472	17.0313	8.5397	24.2388	0.64324	-0.537431	-0.545354	39	41	4	1	6	0
0.081991	0.688496	17.4208	8.2143	23.9086	0.825337	-0.0219561	-0.564213	40	42	4	1	7	0
0.0783059	0.473458	17.989	8.19918	23.5201	0.908067	-0.209946	-0.362404	41	43	4	1	8	0
0.0760617	0.546118	18.4189	8.09978	23.3486	0.967093	-0.113456	-0.227725	42	44	4	1	9	0
0.0921163	0.59852	18.9471	8.03782	23.2242	0.756916	0.177908	-0.62883	43	45	4	1	10	0
0.0699773	0.520958	19.4001	8.1443	22.8478	0.951449	0.303	-0.0541899	44	46	4	1	11	0
0.0653428	0.360917	19.8958	8.30215	22.8196	0.925954	-0.368335	-0.083298	45	47	4	1	12	0
0.0619489	0.410317	20.23	8.16921	22.7895	0.84975	-0.514522	-0.114854	46	48	4	1	13	0
0.0656591	0.477779	20.5786	7.9581	22.7424	0.663222	-0.392769	-0.637078	47	49	4	1	14	0
0.0644765	0.641257	20.8955	7.77044	22.438	0.414323	-0.461749	-0.784299	48	50	4	1	15	0
0.0643283	0.882032	21.1612	7.47434	21.9351	0.650791	-0.525512	-0.548004	49	51	4	1	16	0
0.0527311	0.936883	21.7352	7.01082	21.4517	0.606981	-0.62322	0.493123	50	52	4	1	17	0
0.0372397	0.786022	22.3039	6.42694	21.9137	0.796027	-0.359417	-0.486992	51	53	4	1	18	0
0.0256511	0.514814	22.9296	6.14443	21.5309	0.647129	-0.049752	-0.760755	52	0	4	1	19	0
0.0952316	1.76924	13.2957	10.7961	25.0576	0.1125	-0.666403	-0.737056	10	55	5	1	1	1
0.0385532	0.444274	13.4947	9.61703	23.7536	-0.289392	-0.609938	0.737718	54	56	5	1	2	0
0.0320927	0.531502	13.3662	9.34605	24.0814	-0.471144	-0.493645	0.730984	55	57	5	1	3	0
0.0185777	0.582354	13.1157	9.08367	24.4699	-0.542827	-0.463194	0.700564	56	0	5	1	4	0
0.121552	0.999616	13.9146	10.5034	23.6947	0.63627	-0.162486	0.754161	9	59	6	1	1	1
0.107359	0.928845	14.5507	10.341	24.4486	0.397838	-0.380237	0.834952	58	60	6	1	2	0
0.0898623	0.827851	14.9202	9.98777	25.2241	0.123688	-0.243958	0.961866	59	61	6	1	3	0
0.0318405	0.322504	15.0226	9.78581	26.0204	-0.586886	-0.63187	0.506265	60	0	6	1	4	0
0.0569706	0.793158	13.7489	11.0727	24.3254	0.0517866	0.896691	0.439618	9	63	7	1	1	1
0.0433551	0.535473	13.79	11.7839	24.6741	0.100574	0.927283	0.360598	62	64	7	1	2	0
0.0444265	0.241413	13.8439	12.2804	24.8672	-0.485451	0.872309	0.0584263	63	65	7	1	3	0
0.0252716	1.1227	13.7267	12.491	24.8813	-0.156953	0.976187	0.149751	64	0	7	1	4	0
0.0767023	1.28631	13.4292	11.089	25.0688	0.640165	0.495329	0.58723	10	67	8	1	1	0
0.0709956	0.560179	14.2527	11.7261	25.8241	0.947029	0.178724	0.266821	66	68	8	1	2	0
0.0757178	0.521145	14.7832	11.8262	25.9736	0.670634	0.381352	0.636255	67	69	8	1	3	0
0.0713116	0.584996	15.1327	12.025	26.3052	0.800804	0.377539	0.46495	68	70	8	1	4	0
0.0573581	0.509736	15.6011	12.2458	26.5772	0.752068	0.145531	0.642818	69	71	8	1	5	0
0.0401681	0.5095	15.9845	12.32	26.9049	0.636082	-0.032963	0.770917	70	0	8	1	6	0
0.139345	1.84294	13.1435	11.0476	25.4352	-0.795421	0.482715	0.366459	10	73	9	1	1	1
0.105471	0.812694	11.6776	11.9372	26.1105	-0.895049	0.372639	0.245007	72	74	9	1	2	0
0.103659	0.485324	10.9502	12.24	26.3096	-0.693624	-0.254217	0.673987	73	0	9	1	3	0
0.0276731	0.923321	13.2756	10.5959	26.7022	-0.671235	-0.7339	-0.104089	11	76	10	1	1	0
0.0270342	0.34546	12.6559	9.91828	26.6061	-0.708719	-0.671744	-0.215586	75	77	10	1	2	0
0.0226786	0.277572	12.411	9.68622	26.5316	-0.590425	-0.806947	-0.0153236	76	78	10	1	3	0
0.0190825	0.484859	12.2471	9.46224	26.5273	-0.106767	-0.955829	0.273848	77	0	10	1	4	0
0.0765158	0.631357	13.209	9.56398	27.9916	-1.32274	-0.487412	0.72215	12	80	11	1	1	0
0.0900137	0.761531	12.5804	9.27999	28.3249	-0.610805	0.791776	-0.00283523	79	81	11	1	2	0
0.0436947	1.29039	12.1153	9.88295	28.3228	0.339971	0.219207	0.914532	80	0	11	1	3	0
0.0473536	0.763957	13.5222	10.0396	27.679	0.810337	-0.539207	0.229368	12	0	12	1	1	1
0.0838337	0.952752	13.4425	9.74082	27.818	0.468352	-0.674236	-0.571009	12	0	13	1	1	0
0.044662	1.49398	13.2565	9.77508	27.7461	-0.495212	0.708285	0.503087	13	85	14	1	1	0
0.0560599	0.711827	12.5167	10.8332	28.4977	-0.995324	0.0736798	0.0624567	84	86	14	1	2	0
0.0450406	1.26677	11.8082	10.8857	28.5422	-0.430703	0.823346	-0.36959	85	0	14	1	3	0
0.0624833	0.682073	13.5443	9.22054	28.8467	-0.524232	0.767319	0.369328	13	0	15	1	1	1
0.0875932	0.586064	13.4985	10.4894	27.526	0.384578	0.87067	1.41615	12	89	16	1	1	0
0.088738	0.736229	13.6164	10.7755	28.0361	0.712998	0.118475	0.691084	88	90	16	1	2	0
0.0898809	0.646776	14.1413	10.8627	28.5449	-0.0683581	0.797147	0.599903	89	91	16	1	3	0
0.0954662	0.651353	14.0971	11.3783	28.9329	-0.735509	0.677509	-0.00294293	90	92	16	1	4	0
0.100515	1.32058	13.618	11.8196	28.931	-0.838169	0.176882	0.515931	91	93	16	1	5	0
0.0918773	0.880458	12.5112	12.0532	29.6123	-0.746547	0.612825	-0.259061	92	94	16	1	6	0
0.157062	0.329579	11.8539	12.5927	29.3842	0.253747	0.211714	-0.943816	93	95	16	1	7	0
0.0994225	2.14685	11.9375	12.6625	29.0732	0.242295	0.782569	-0.573479	94	96	16	1	8	0
0.0953953	1.49539	12.4577	14.3426	27.842	-0.702881	-0.459706	-0.542797	95	97	16	1	9	0
0.0936644	0.976977	11.4066	13.6551	27.0303	-0.810488	-0.200809	-0.550259	96	98	16	1	10	0
0.0964105	1.32192	10.6147	13.4589	26.4927	-0.678889	-0.633023	-0.372011	97	99	16	1	11	0
0.0884306	0.825704	9.7173	12.6221	26.001	-0.967341	-0.054834	-0.247478	98	100	16	1	12	0
0.0853082	0.956678	8.91856	12.5768	25.7966	-0.890351	0.0233973	-0.454674	99	101	16	1	13	0
0.0843546	1.17641	8.06679	12.5992	25.3616	-0.8718	-0.480621	0.0946952	100	102	16	1	14	0
0.0787137	1.24216	7.04119	12.0338	25.473	-0.614204	-0.491908	-0.617074	101	103	16	1	15	0
0.0705424	3.1299	6.27825	11.4228	24.7065	0.047985	-0.979222	0.197033	102	104	16	1	16	0
0.0629313	0.963698	6.42844	8.35792	25.3232	-0.871291	-0.37985	-0.31075	103	105	16	1	17	0
0.0704097	1.31679	5.58878	7.99186	25.0238	-0.969812	0.221616	-0.101739	104	106	16	1	18	0
0.0604493	0.759452	4.31174	8.28368	24.8898	-0.713322	-0.657778	0.241868	105	107	16	1	19	0
0.0492461	0.533726	3.77	7.78413	25.0735	-0.741209	0.490417	0.458367	106	108	16	1	20	0
0.04679	0.914184	3.3744	8.04588	25.3181	-0.758665	0.604231	-0.243582	107	109	16	1	21	0
0.0425534	0.862608	2.68084	8.59826	25.0954	-0.819083	0.0834728	0.567569	108	110	16	1	22	0
0.0403193	0.627038	1.97429	8.67026	25.585	0.143701	0.276754	0.950135	109	0	16	1	23	0
0.0556441	0.899599	16.0204	6.75322	20.1124	-0.268825	0.932015	-0.243067	24	0	17	2	1	1
0.0442295	0.934936	17.8199	4.42521	21.1055	0.29806	-0.858425	-0.417454	29	113	18	2	1	1
0.0343474	0.206642	18.0986	3.62264	20.7152	0.716384	-0.239914	-0.65516	112	114	18	2	2	0
0.0393825	0.562242	18.2466	3.57306	20.5798	0.68329	0.0703092	-0.726754	113	115	18	2	3	0
0.0358042	0.31646	18.6308	3.61259	20.1712	0.220485	-0.150377	-0.963729	114	116	18	2	4	0
0.0321441	0.342861	18.7005	3.565	19.8662	0.912666	-0.111934	-0.393079	115	117	18	2	5	0
0.0296205	0.318966	19.0135	3.52662	19.7314	0.955408	-0.290452	-0.0532201	116	118	18	2	6	0
0.0297194	0.278526	19.3182	3.43398	19.7145	0.816747	-0.575778	0.0374586	117	119	18	2	7	0
0.0306037	0.312803	19.5457	3.27361	19.7249	-0.0378844	-0.986362	-0.160172	118	120	18	2	8	0
0.0286408	0.40413	19.5338	2.96507	19.6748	0.173612	-0.972364	0.156102	119	121	18	2	9	0
0.0481686	0.276699	19.604	2.57211	19.7379	0.572069	-0.819776	0.0265252	120	122	18	2	10	0
0.0371249	0.701357	19.7623	2.34528	19.7452	0.00501206	-0.100835	-0.994891	121	123	18	2	11	0
0.0330355	0.878096	19.7658	2.27456	19.0474	0.26811	0.641092	-0.719109	122	124	18	2	12	0
0.0336238	0.652807	20.0012	2.8375	18.416	0.966832	0.227255	-0.116581	123	125	18	2	13	0
0.0274886	0.639617	20.6324	2.98585	18.3399	0.96877	-0.210085	0.131713	124	126	18	2	14	0
0.022934	0.521361	21.252	2.85148	18.4241	0.878532	-0.477173	-0.0220931	125	127	18	2	15	0
0.0237922	0.777184	21.7101	2.6027	18.4126	0.579371	0.68272	0.445221	126	0	18	2	16	0
0.0232415	0.802132	18.4025	4.67167	22.1737	0.497901	0.756229	-0.424514	30	0	19	2	1	1
0.0215309	0.652305	18.3159	4.2765	22.5897	0.481066	-0.770441	-0.418325	31	130	20	2	1	1
0.0209194	0.459145	18.6297	3.77393	22.3168	0.89637	-0.435014	-0.0853383	129	131	20	2	2	0
0.0208723	0.791943	19.0413	3.5742	22.2776	0.574315	0.61661	0.538475	130	132	20	2	3	0
0.018256	1.05778	19.4961	4.06252	22.704	0.470872	0.854282	0.220187	131	0	20	2	4	0
0.0407441	1.01202	18.025	4.55183	21.3056	0.98492	-0.017921	-0.172082	29	134	21	2	1	0
0.0378768	0.395659	19.0218	4.53369	21.1315	0.59482	-0.498256	-0.630817	133	135	21	2	2	0
0.0286583	0.302417	19.2571	4.33655	20.8819	0.90466	-0.152999	-0.397721	134	136	21	2	3	0
0.0283368	0.464528	19.5307	4.29028	20.7616	0.801191	-0.589525	0.102732	135	137	21	2	4	0
0.0336983	0.374843	19.9029	4.01643	20.8093	0.912456	-0.409029	-0.0109757	136	138	21	2	5	0
0.0353507	0.844114	20.2449	3.86311	20.8052	0.942121	-0.258817	0.213122	137	139	21	2	6	0
0.0342809	0.851775	21.0402	3.64464	20.9851	0.746049	0.611402	0.263817	138	140	21	2	7	0
0.0295855	0.539857	21.6756	4.16542	21.2098	0.498141	0.838154	-0.222159	139	141	21	2	8	0
0.0323559	0.481076	21.9445	4.6179	21.0899	0.994162	-0.103347	0.0310123	140	142	21	2	9	0
0.0227011	0.999528	22.4228	4.56818	21.1048	0.994832	0.0954875	-0.0345041	141	0	21	2	10	0
0.108798	0.663748	14.3686	7.98285	24.1224	0.369059	-0.765925	-0.526455	34	144	22	2	1	1
0.0276255	0.743199	14.6135	7.47447	23.773	0.841251	-0.449732	-0.300064	143	0	22	2	2	0
0.104613	1.13176	14.3792	7.94526	24.252	0.729612	0.645632	-0.225447	34	146	23	2	1	1
0.0233525	0.965287	15.205	8.67596	23.9968	0.435545	-0.137562	-0.889594	145	0	23	2	2	0
0.0292877	0.862709	21.8818	6.85577	21.3821	-0.984952	-0.575195	-0.206455	50	148	24	2	1	0
0.0273327	0.149661	21.1413	6.43484	21.2355	-0.815353	-0.565182	-0.125571	147	149	24	2	2	0
0.0299356	0.614742	21.0193	6.35025	21.2167	-0.399325	-0.788492	0.467782	148	0	24	2	3	0
0.0603125	0.867599	22.0586	6.75433	21.6827	0.880441	-0.0332922	-0.472986	51	151	25	2	1	1
0.0438717	0.901418	22.8225	6.72545	21.2723	-0.503823	0.675186	-0.538783	150	152	25	2	2	0
0.0308712	0.836466	22.3683	7.33407	20.7867	-0.548868	-0.216603	-0.807358	151	0	25	2	3	0
0.0646034	0.803938	22.0507	6.7579	21.6999	-0.490931	-0.173174	0.853814	51	154	26	2	1	1
0.0543372	0.683575	21.656	6.61868	22.3863	-0.23853	-0.945608	0.221197	153	155	26	2	2	0
0.0648672	0.935972	21.493	5.97228	22.5375	-0.228828	-0.973237	-0.0211404	154	156	26	2	3	0
0.0466249	1.05519	21.2788	5.06136	22.5178	-0.157999	-0.872427	-0.462501	155	157	26	2	4	0
0.0412425	1.06137	21.1121	4.14078	22.0297	-0.513672	-0.784275	-0.347928	156	158	26	2	5	0
0.0290993	0.816666	20.5669	3.30837	21.6604	0.810738	-0.580866	-0.0727889	157	0	26	2	6	0
0.0295137	0.355263	22.9249	6.15206	21.5773	1.40235	1.03907	2.20838	52	160	27	2	1	1
0.0296667	1.1582	23.102	6.27989	21.8221	0.570004	-0.798065	0.19542	159	161	27	2	2	0
0.0282397	0.783968	23.7622	5.35557	22.0484	0.438885	-0.76224	0.475784	160	0	27	2	3	0
0.116677	0.976177	16.1776	10.1726	23.9673	0.781094	0.661611	0.0396005	37	163	28	2	1	0
0.121838	0.878547	16.922	10.8031	24.005	0.636975	0.542656	0.547529	162	164	28	2	2	0
0.11813	0.841827	17.4816	11.2798	24.486	0.964703	0.258118	0.0521774	163	165	28	2	3	0
0.123972	0.76336	18.2937	11.4971	24.53	0.728033	0.684001	0.0459297	164	166	28	2	4	0
0.100564	1.01449	18.8494	12.0192	24.565	0.778292	-0.597946	-0.191628	165	167	28	2	5	0
0.0951432	0.932257	19.639	11.4126	24.3706	0.931268	-0.101253	-0.349982	166	168	28	2	6	0
0.0678875	0.592956	20.5072	11.3182	24.0443	0.901478	-0.41942	0.10689	167	169	28	2	7	0
0.0535615	0.40423	21.0417	11.0695	24.1077	0.960366	-0.150109	0.234872	168	170	28	2	8	0
0.0408946	0.694195	21.4299	11.0089	24.2027	0.979959	0.00208068	-0.199187	169	0	28	2	9	0
0.0575658	0.70221	13.4953	9.57602	23.5688	-0.500827	1.27521	-0.388589	54	172	29	2	1	1
0.0264105	0.920945	13.2203	10.102	23.3733	-0.2498	-0.113787	0.961589	171	0	29	2	2	0
0.104244	1.75602	14.7256	10.2632	24.5663	-0.604006	0.555768	-0.571226	59	0	30	2	1	1
0.0217726	0.184077	13.5469	13.4784	25.0478	-4.67021	2.77148	0.142046	65	175	31	2	1	1
0.022728	0.552909	13.3886	13.5723	25.0526	-0.511897	0.805714	0.297972	174	176	31	2	2	0
0.0229398	0.59486	13.1056	14.0178	25.2174	0.13477	-0.270079	-0.953359	175	0	31	2	3	0
0.0152678	0.52687	13.558	13.4858	25.0581	0.072134	-0.170089	-0.982785	65	0	32	2	1	1
0.0835301	1.11756	11.7993	11.8641	26.1817	0.742636	-0.416207	0.275589	73	179	33	2	1	1
0.0774294	0.623407	12.7268	11.3443	26.5259	-0.876747	-0.454872	0.156224	178	180	33	2	2	0
0.0304752	0.796484	12.1802	11.0607	26.6233	-0.0765601	-0.876109	0.475995	179	0	33	2	3	0
0.0767615	0.993789	12.2517	11.7511	25.8656	0.515856	0.842417	-0.155648	72	0	34	2	1	1
0.0260574	1.147	12.1192	11.827	25.9765	-0.217741	0.466727	0.857178	72	0	35	2	1	1
0.0567577	0.912297	11.8245	10.2123	28.4067	-0.655106	0.600395	-0.458652	80	0	36	2	1	0
0.0356372	0.786508	12.2274	9.95767	28.7353	-0.55753	1.06099	-0.424293	81	185	37	2	1	1
0.0147859	1.20946	11.8256	10.5989	28.4381	0.525648	0.168633	-0.833821	184	0	37	2	2	0
0.07269	0.778665	12.214	9.6091	28.3362	-0.719391	0.256254	1.03252	80	187	38	2	1	1
0.0292076	1.28182	11.7778	9.76448	28.9622	-0.382801	0.923413	0.0277811	186	0	38	2	2	0
0.0356372	0.98014	12.5992	10.1466	29.5257	0.127319	-0.881456	-0.497755	81	189	39	2	1	1
0.0204936	1.09644	12.6399	9.36754	28.9381	0.369628	0.603139	0.706823	188	0	39	2	2	0
0.0284253	0.561453	14.1036	9.70945	27.8402	0.890451	-0.454957	0.0105009	82	191	40	2	1	1
0.0265285	0.36469	14.6036	9.45402	27.8461	0.557814	-0.714159	-0.422871	190	192	40	2	2	0
0.0251495	0.558095	14.807	9.19357	27.6919	0.432409	-0.781399	-0.449931	191	193	40	2	3	0
0.0213471	0.694528	15.0483	8.75747	27.4408	0.805039	0.278069	-0.524013	192	0	40	2	4	0
0.0466098	0.524101	11.6375	11.1285	28.4002	-0.141312	1.58829	1.04782	86	195	41	2	1	1
0.0172818	0.982037	11.523	11.4592	28.6531	-0.983292	-0.0806109	-0.163211	194	0	41	2	2	0
0.0829557	2.21032	13.6711	10.73	28.1783	0.455462	-0.190118	0.869718	89	0	42	2	1	1
0.0846888	3.44388	14.1743	11.2811	28.8398	0.766647	-0.612809	-0.191618	91	198	43	2	1	1
0.0780805	0.941505	16.8145	9.17064	28.1799	-0.305691	-0.952033	0.0136319	197	199	43	2	2	0
0.0833584	0.441156	16.5267	8.2743	28.1927	-0.0537496	-0.974646	-0.217199	198	0	43	2	3	0
0.0919436	3.80769	14.2105	11.0794	28.6764	0.931036	-0.185588	-0.314212	90	201	44	2	1	1
0.0851487	0.854028	17.7556	10.3727	27.48	0.900485	-0.433657	0.0326919	200	202	44	2	2	0
0.0920477	0.687048	18.5246	10.0024	27.5079	0.700462	0.494289	0.514812	201	203	44	2	3	0
0.0824829	0.762696	19.0059	10.342	27.8616	0.995857	0.0886195	-0.020359	202	204	44	2	4	0
0.0880036	0.649223	19.7654	10.4095	27.8461	0.851161	0.0350006	0.523736	203	205	44	2	5	0
0.0784797	0.618101	20.318	10.4323	28.1861	0.856377	-0.49011	0.162515	204	206	44	2	6	0
0.0883168	0.701784	20.8474	10.1293	28.2866	0.930096	0.112704	0.349598	205	207	44	2	7	0
0.0789227	0.612343	21.5001	10.2084	28.5319	0.0865987	0.672468	0.735042	206	208	44	2	8	0
0.0739053	0.696085	21.5531	10.6202	28.982	-0.856749	0.280697	0.432655	207	209	44	2	9	0
0.0677668	1.33333	20.9567	10.8156	29.2832	-0.433752	0.716403	0.546468	208	210	44	2	10	0
0.0559668	3.24182	20.3784	11.7708	30.0118	0.0085912	0.962409	-0.271468	209	211	44	2	11	0
0.0435588	0.86054	20.4063	14.8908	29.1318	0.891396	-0.325288	0.315595	210	212	44	2	12	0
0.0364813	0.880996	21.1733	14.6108	29.4033	0.305443	-0.0223275	-0.951948	211	213	44	2	13	0
0.0340528	0.689544	21.4424	14.5912	28.5647	0.412593	0.837392	0.358527	212	0	44	2	14	0
0.0860061	3.0836	13.9714	11.6162	28.8999	0.116851	0.975716	0.185266	91	215	45	2	1	1
0.0199851	0.851375	14.3317	14.6249	29.4711	-0.944827	-0.145511	0.293476	214	0	45	2	2	0
0.0832136	2.55009	13.6726	10.6963	28.0545	0.229515	-0.307278	0.0817224	89	217	46	2	1	1
0.0307929	2.16773	15.0885	8.60007	28.5722	0.697539	-0.484575	0.527851	216	0	46	2	2	0
0.0832136	3.06563	11.5042	13.7109	26.9896	0.279031	0.168951	0.00147329	96	219	47	2	1	1
0.0866796	3.39026	14.1266	15.2988	27.0034	0.989715	-0.0438502	0.136169	218	220	47	2	2	0
0.0765722	1.25571	17.482	15.1501	27.4651	0.977748	0.000411632	0.20978	219	221	47	2	3	0
0.0825465	0.754099	18.7098	15.1506	27.7285	0.994506	0.0301228	0.100254	220	222	47	2	4	0
0.0581444	0.833175	19.4597	15.1733	27.8041	0.610626	-0.791752	-0.0162674	221	223	47	2	5	0
0.046811	0.65517	19.9685	14.5137	27.7906	-0.119587	-0.835009	-0.537083	222	224	47	2	6	0
0.0354001	1.13218	19.8901	13.9666	27.4387	0.998285	0.057885	-0.00874401	223	0	47	2	7	0
0.0832136	2.64081	13.4856	10.4722	27.6515	0.219493	-0.302077	0.0629695	88	226	48	2	1	1
0.0846703	1.18827	15.0612	8.59178	28.2054	-0.986269	0.164342	-0.0162778	225	227	48	2	2	0
0.0855678	0.675555	13.8893	8.78706	28.186	0.0853932	0.0343337	0.995756	226	228	48	2	3	0
0.0653868	0.798888	13.9469	8.81026	28.8587	0.877533	-0.458457	0.140548	227	229	48	2	4	0
0.0458064	1.71268	14.648	8.444	28.971	0.157813	-0.699927	0.696561	228	0	48	2	5	0
0.0832136	1.38161	11.9947	14.0864	27.6046	-0.344805	0.484827	0.412226	96	231	49	2	1	1
0.0341804	1.90557	11.3286	15.0295	28.4189	0.516452	0.748048	-0.416774	230	0	49	2	2	0
0.0832136	4.35338	11.2867	13.6707	26.857	0.155254	0.156093	0.0655473	97	233	50	2	1	1
0.0303843	0.83282	14.2376	16.6578	28.1109	-0.892171	0.0439418	0.449555	232	0	50	2	2	0
0.0819281	1.49964	11.8942	12.8436	28.9249	-0.959936	-0.10988	0.257778	95	0	51	2	1	1
0.0766519	1.82491	9.67133	12.7019	25.9569	0.432505	0.568874	-0.699516	99	236	52	2	1	1
0.0158513	0.800161	10.4606	13.74	24.6803	-0.288193	-0.680955	-0.673235	235	0	52	2	2	0
0.102671	1.20739	8.12121	12.5339	25.3482	-0.423543	0.341021	-0.839235	101	238	53	2	1	1
0.0860874	0.736523	7.60983	12.9456	24.3349	-0.120952	-0.982557	-0.141251	237	239	53	2	2	0
0.0771537	1.19111	7.52075	12.2219	24.2309	-0.828282	-0.299524	-0.473534	238	240	53	2	3	0
0.0613785	0.776218	6.53417	11.8652	23.6668	0.383094	-0.923562	0.0164782	239	241	53	2	4	0
0.0512441	0.66487	6.83153	11.1483	23.6796	-0.929146	-0.33814	-0.149494	240	242	53	2	5	0
0.0379737	0.614488	6.21377	10.9235	23.5802	-0.769233	-0.442798	-0.460663	241	0	53	2	6	0
0.0729533	2.10333	6.7189	11.682	25.1403	0.207832	-0.199367	0.378284	102	244	54	2	1	1
0.0769655	1.13778	7.64289	10.7901	26.866	0.889385	0.365386	0.274749	243	245	54	2	2	0
0.0718355	0.731563	8.65481	11.2058	27.1786	0.814105	0.508165	-0.281072	244	246	54	2	3	0
0.0530855	0.959251	9.25038	11.5776	26.973	0.631694	-0.0318706	0.774562	245	247	54	2	4	0
0.0355394	0.66772	9.85633	11.547	27.716	0.677931	0.635872	-0.368885	246	0	54	2	5	0
0.0539646	1.20414	6.43401	9.67952	25.0645	0.684942	0.454757	-0.117159	103	249	55	2	1	1
0.0580955	1.13713	7.42715	10.3389	24.8946	0.131305	0.722619	-0.678661	248	250	55	2	2	0
0.0523015	0.657251	7.57646	11.1606	24.1229	-0.0648526	-0.0810647	-0.994597	249	251	55	2	3	0
0.0431186	0.883026	7.53383	11.1073	23.4692	0.453055	0.206663	-0.867198	250	252	55	2	4	0
0.0317319	0.766898	7.93389	11.2898	22.7035	-0.119034	0.142177	-0.982658	251	0	55	2	5	0
0.0731071	2.52334	13.4516	10.4999	27.6444	-0.0238044	-0.92677	0.374874	88	0	56	2	1	1
0.0461491	1.09023	3.67018	7.90165	25.177	0.362201	0.839071	0.0780477	107	255	57	2	1	1
0.0478234	1.79612	4.05569	8.88307	25.1764	-0.323991	-0.913605	0.245675	254	256	57	2	2	0
0.0527151	0.711002	3.47377	7.24213	25.6177	-0.706732	-0.60664	0.364029	255	257	57	2	3	0
0.0492052	0.898583	2.97128	6.81081	25.8765	-0.547314	-0.836787	-0.0153168	256	258	57	2	4	0
0.049656	0.69923	2.47947	6.05888	25.8628	-0.757696	-0.31208	-0.573151	257	259	57	2	5	0
0.0426469	0.963881	1.94967	5.84067	25.462	0.833722	-0.551017	-0.035882	258	260	57	2	6	0
0.0374661	0.786767	2.75328	5.30955	25.4274	0.705306	-0.452312	0.545855	259	261	57	2	7	0
0.0318366	0.733776	3.30819	4.95369	25.8569	-0.276271	-0.551423	0.787151	260	262	57	2	8	0
0.0254344	0.719291	3.10547	4.54907	26.4345	-0.648304	-0.737929	0.187519	261	0	57	2	9	0
0.0832136	4.7089	13.437	10.5063	27.6209	-0.146697	-0.149085	0.0367727	88	264	58	2	1	1
0.0328271	1.36216	10.1775	7.17053	28.4297	0.100917	-0.510213	0.854107	263	0	58	2	2	0
0.0525025	6.17821	5.65424	7.96835	25.1011	0.848495	-0.217461	0.482459	105	0	59	2	1	1
0.0832136	3.8313	13.5582	10.6891	28.0319	-0.138594	-0.221171	0.000401694	89	267	60	2	1	1
0.0380094	1.02453	11.4725	7.41848	28.0357	0.431072	-0.76199	0.483268	266	0	60	2	2	0
0.0612557	1.6392	6.20971	11.792	24.5814	-0.776666	-0.545314	-0.315313	103	0	61	2	1	0
0.0637853	2.23553	6.43489	9.49653	25.0607	0.18154	-0.407654	-0.0309494	103	270	62	2	1	1
0.0235596	2.30483	7.18615	7.50641	25.0135	-0.684552	-0.0156549	-0.728796	269	0	62	2	2	0
0.0602266	1.41668	6.41348	8.28601	25.2892	-0.123323	-0.628646	-0.29641	104	272	63	2	1	1
0.0607467	2.14979	6.09891	6.91073	24.6155	-0.72911	-0.0802664	0.679673	271	273	63	2	2	0
0.0597885	0.804612	4.53147	6.73818	26.0767	0.289923	-0.939823	0.180771	272	274	63	2	3	0
0.044668	0.943862	4.76475	5.98198	26.2221	-0.837275	-0.540428	0.0831171	273	275	63	2	4	0
0.0364336	0.788753	3.97447	5.47189	26.3006	-0.80888	0.444094	0.38535	274	0	63	2	5	0
0.0564963	0.505969	1.95677	8.71481	25.5988	-0.822692	-0.415194	-0.388319	109	277	64	2	1	1
0.040584	0.644012	1.54051	8.50473	25.4023	-0.701072	-0.685715	0.195686	276	278	64	2	2	0
0.030952	0.722293	1.08901	8.06312	25.5283	-0.613776	-0.601402	-0.511464	277	0	64	2	3	0
0.0427348	0.806754	3.05576	8.24502	25.2047	-0.277998	0.443174	-0.85224	108	280	65	2	1	1
0.00999186	0.456597	2.83149	8.60255	24.5172	-0.133002	0.62275	-0.771033	279	0	65	2	2	0
0.0389619	0.407854	2.42948	8.66547	25.2604	-0.95742	-1.81492	1.34202	109	282	66	2	1	1
0.041013	1.06972	2.29769	8.34124	25.4783	-0.478606	-0.851818	0.212937	281	283	66	2	2	0
0.0397467	0.627413	1.78571	7.43003	25.7061	-0.229777	-0.882598	-0.41015	282	284	66	2	3	0
0.0329878	1.15302	1.64155	6.87627	25.4488	0.511588	-0.455128	0.728791	283	285	66	2	4	0
0.0252675	0.739025	2.23142	6.3515	26.2891	0.174442	-0.961402	0.212781	284	0	66	2	5	0
0.0402768	1.27725	2.962	8.31942	25.1752	-0.589385	0.780161	-0.2097	108	287	67	2	1	1
0.00968721	0.693772	2.20921	9.31588	24.9073	-0.319679	0.947219	0.0241054	286	0	67	2	2	0
0.0311949	0.635442	2.03525	8.73584	25.9521	-0.277854	-0.601412	0.749066	110	0	68	2	1	1
0.0369175	0.45768	2.07452	8.7028	25.517	0.496774	2.06874	0.497445	109	290	69	2	1	1
0.0374968	0.619016	2.16875	9.13903	25.5885	-0.217555	0.975856	-0.0193411	289	291	69	2	2	0
0.0284963	1.11452	2.03408	9.7431	25.5765	-0.0316967	0.998959	-0.0328169	290	0	69	2	3	0
0.0296501	0.905658	2.04362	8.7933	26.1434	0.720212	0.638158	0.272118	110	0	70	2	1	1
0.0941097	6.32788	14.101	10.686	28.5041	-0.731635	-0.475658	-0.488323	90	294	71	2	1	1
0.0839339	2.4668	9.47133	7.67608	25.4141	0.663386	-0.747465	-0.0348717	293	295	71	2	2	0
0.0874387	1.01315	11.1078	5.83223	25.328	0.237446	-0.931358	-0.276028	294	296	71	2	3	0
0.109437	1.17157	11.3483	4.88863	25.0484	0.940569	-0.202373	-0.272718	295	297	71	2	4	0
0.0856193	1.20707	12.4503	4.65154	24.7289	0.846488	-0.498334	-0.187407	296	298	71	2	5	0
0.0873731	1.794	13.472	4.05001	24.5027	0.719359	0.542426	-0.433933	297	299	71	2	6	0
0.0854888	2.63599	14.7626	5.02313	23.7242	0.40995	-0.826576	0.385634	298	300	71	2	7	0
0.0771698	1.34858	15.8432	2.84428	24.7407	0.817156	0.576232	0.0145648	299	301	71	2	8	0
0.072983	1.14737	16.9452	3.62138	24.7604	0.838402	-0.332003	-0.432268	300	302	71	2	9	0
0.0796429	1.02916	17.9072	3.24044	24.2644	-0.691066	0.251682	-0.677557	301	303	71	2	10	0
0.0669021	1.43957	17.1959	3.49946	23.5671	0.608232	-0.661947	-0.438041	302	304	71	2	11	0
0.064492	1.10696	18.0715	2.54655	22.9365	0.0931017	-0.986196	-0.136929	303	305	71	2	12	0
0.0592223	1.08675	18.1746	1.45487	22.7849	0.838317	-0.3979	-0.372693	304	306	71	2	13	0
0.0589947	0.748886	19.0856	1.02245	22.3799	0.444992	-0.327335	-0.833567	305	307	71	2	14	0
0.062166	0.716684	19.4189	0.777314	21.7556	0.095987	0.204528	-0.974143	306	308	71	2	15	0
0.0517492	0.900157	19.4877	0.923896	21.0575	-0.199194	-0.00606994	-0.979941	307	309	71	2	16	0
0.0433754	1.15728	19.3084	0.918432	20.1754	0.24948	0.149243	-0.95681	308	310	71	2	17	0
0.0415626	0.97134	19.5971	1.09115	19.0681	0.544627	-0.0706194	-0.8357	309	311	71	2	18	0
0.0337073	1.12204	20.1261	1.02255	18.2563	0.904578	0.13491	-0.404397	310	0	71	2	19	0
0.0302868	1.07178	18.6675	3.56323	20.0722	-0.0484825	-0.992432	0.112816	115	0	72	3	1	1
0.0339363	0.766634	19.7346	2.31477	19.6862	-0.981471	0.534641	-0.672564	122	314	73	3	1	1
0.0340147	0.924621	19.1578	2.629	19.2909	-0.909506	0.0373744	-0.414007	313	315	73	3	2	0
0.0384455	1.3401	18.3168	2.66355	18.9081	-0.722683	0.690782	-0.0234386	314	316	73	3	3	0
0.0285322	1.50284	17.3484	3.58927	18.8767	-0.357245	0.912074	-0.20124	315	0	73	3	4	0
0.0354518	0.484356	19.8135	2.28163	19.7952	1.79929	-0.272067	0.975237	121	318	74	3	1	0
0.0189759	0.622296	20.2203	2.0591	19.9486	0.958141	0.0425023	-0.283125	317	0	74	3	2	0
0.027421	0.29834	20.6737	2.9624	18.3263	0.482301	-2.32437	-2.36639	124	320	75	3	1	1
0.0274855	1.31724	20.5747	2.75585	17.9397	0.0010078	0.999933	-0.0115101	319	321	75	3	2	0
0.0221105	0.822574	20.576	4.073	17.9245	-0.439483	0.536562	0.720385	320	0	75	3	3	0
0.0266857	0.974291	19.9555	2.67118	18.5576	0.230345	0.581042	-0.780597	123	0	76	3	1	1
0.0229425	0.700346	21.7426	2.60967	18.4395	0.755072	0.344629	0.557761	127	0	77	3	1	1
0.0234002	0.848325	19.3994	3.41282	19.721	0.78939	-0.432411	-0.435757	118	0	78	3	1	1
0.0271053	0.657866	19.1305	4.39362	20.9845	-0.192357	-1.48057	0.285525	134	326	79	3	1	1
0.0215274	0.252356	19.0654	3.7511	21.0876	0.175493	-0.682173	0.709818	325	327	79	3	2	0
0.0262078	0.41645	19.1096	3.57895	21.2667	0.342988	-0.52335	0.780041	326	328	79	3	3	0
0.0209124	0.193706	19.2525	3.361	21.5916	0.322753	-0.481962	0.814582	327	329	79	3	4	0
0.0254053	0.767602	19.315	3.26764	21.7494	0.237886	-0.462835	0.853929	328	330	79	3	5	0
0.0233727	0.733714	19.4976	2.91237	22.4048	-0.432269	-0.858024	0.277378	329	331	79	3	6	0
0.0201078	0.445712	19.1804	2.28282	22.6084	-0.836459	-0.498957	-0.226667	330	0	79	3	7	0
0.0250311	1.04357	20.2058	3.89876	20.7764	0.807892	-0.217175	-0.547855	137	333	80	3	1	1
0.0100658	1.24617	21.0489	3.67212	20.2047	0.957984	-0.2413	-0.155051	332	0	80	3	2	0
0.0295206	1.00259	20.9563	3.64667	20.9377	-0.0336857	-0.413357	-0.909946	138	0	81	3	1	1
0.0275115	0.514413	20.8168	3.67628	20.9151	0.272438	-0.957	0.0996459	138	0	82	3	1	1
0.0288685	0.625021	21.1148	3.66391	20.9926	0.186624	-0.974328	0.12592	139	0	83	3	1	1
0.0371377	0.652173	21.0286	3.65226	21.0168	0.38754	-0.693986	0.606792	139	0	84	3	1	1
0.0187363	1.23289	22.7909	4.61282	21.1128	-0.461851	-0.886537	0.027307	142	339	85	3	1	1
0.00681021	1.1237	22.2215	3.51982	21.1464	0.268404	-0.957936	0.101582	338	0	85	3	2	0
0.0251587	0.604053	21.5253	4.00329	21.1329	0.0485454	-0.998553	0.0231351	139	0	86	3	1	1
0.0341627	0.60802	18.7545	4.52726	21.2179	0.784448	0.453351	0.423219	133	0	87	3	1	1
0.0621696	1.09981	15.0663	8.4231	24.0986	0.720929	-0.668978	0.180911	145	0	88	3	1	0
0.0505825	1.33393	21.8232	6.72899	22.1498	0.688673	-0.107068	0.717123	153	344	89	3	1	1
0.0125159	1.29047	22.7418	6.58617	23.1064	0.321359	0.0800685	0.943566	343	0	89	3	2	0
0.0370445	1.60071	21.3638	5.70095	22.5439	0.747068	-0.328919	0.577668	155	0	90	3	1	1
0.0478743	1.42828	21.5331	5.92585	22.495	0.327267	-0.494919	-0.371687	155	347	91	3	1	1
0.0186144	1.40646	22.1498	4.89701	21.7632	0.0334398	-0.996138	0.0811819	346	0	91	3	2	0
0.0349268	1.60013	21.2965	5.41952	22.5291	-0.958772	-0.243785	-0.146029	155	0	92	3	1	1
0.0184783	0.837855	23.7614	5.30077	22.0699	-0.842847	-0.52502	-0.118164	161	0	93	3	1	1
0.099907	1.07812	17.1884	11.1781	24.2415	-0.238661	0.785307	0.571257	163	351	94	3	1	0
0.11261	0.870253	16.9311	12.0248	24.8574	0.238722	0.9186	-0.314939	350	352	94	3	2	0
0.121401	0.635469	17.1389	12.8242	24.5833	-0.418458	0.902552	-0.101453	351	353	94	3	3	0
0.109491	0.767357	16.873	13.3977	24.5189	0.415248	0.739494	-0.529827	352	354	94	3	4	0
0.0887406	0.611754	17.1916	13.9652	24.1123	0.955218	0.2959	-0.00153398	353	355	94	3	5	0
0.106353	0.768156	17.776	14.1462	24.1114	0.899787	-0.433063	-0.0532856	354	356	94	3	6	0
0.0846144	1.09089	18.4671	13.8135	24.0704	0.959088	-0.129889	0.251553	355	357	94	3	7	0
0.0716224	0.747101	19.5134	13.6719	24.3448	0.0407459	-0.771811	0.634545	356	358	94	3	8	0
0.0604151	0.666549	19.5438	13.0952	24.8189	0.902134	-0.303947	-0.306218	357	359	94	3	9	0
0.0605267	0.631818	20.1452	12.8926	24.6148	0.870766	-0.491698	-0.000347165	358	360	94	3	10	0
0.0403743	0.76602	20.6953	12.582	24.6146	0.623379	-0.691004	-0.36594	359	0	94	3	11	0
0.0629	0.200783	19.0962	11.9464	24.4782	2.54788	-0.640208	-4.23129	166	362	95	3	1	1
0.0701881	1.043	19.1989	11.9206	24.3076	-0.0901084	0.982962	-0.160205	361	363	95	3	2	0
0.0586596	0.733389	19.105	12.9458	24.1405	-0.346839	-0.0685281	-0.935418	362	0	95	3	3	0
0.0147093	0.415371	13.1014	14.0377	25.2053	0.168257	0.94008	0.296545	176	0	96	3	1	1
0.0773501	0.427263	12.6948	11.4101	26.4999	0.503028	0.382032	0.775251	179	0	98	3	1	0
0.0387838	0.624143	12.7808	12.5086	25.6667	-0.0920806	0.0759795	-0.992849	181	367	99	3	1	0
0.0278681	0.629958	12.7233	12.556	25.047	0.0109301	0.0156746	-0.999817	366	368	99	3	2	0
0.0277308	0.674691	12.7302	12.5659	24.4171	0.0436247	0.0231427	-0.99878	367	0	99	3	3	0
0.0277325	0.819707	12.6469	10.0312	29.4787	0.980057	-0.169517	0.103691	188	0	100	3	1	1
0.00217987	0.741764	11.0395	11.4259	28.5893	0.0699286	-0.106406	0.991861	195	0	101	3	1	1
0.0245297	1.17061	14.5503	10.3458	30.0339	-0.949955	0.291923	-0.111206	196	0	102	3	1	1
0.0644916	0.962696	14.716	10.2177	30.3146	-0.38892	-0.571026	-0.72296	196	373	103	3	1	1
0.0182871	1.01706	14.3416	9.668	29.6186	0.385088	-0.475008	-0.791248	372	0	103	3	2	0
0.073897	0.541969	16.534	8.24392	28.2694	0.655402	-0.302683	0.691976	198	0	104	3	1	0
0.0697148	1.79171	16.2731	10.7371	27.9191	0.123385	0.328654	-0.936356	200	376	105	3	1	1
0.0206853	1.05123	16.4942	11.326	26.2415	0.749718	-0.0803498	0.656861	375	0	105	3	2	0
0.0399862	0.80048	17.1536	10.5744	27.6409	0.221394	0.474142	-1.13437	200	378	106	3	1	1
0.017359	0.988601	17.2955	10.8782	26.914	0.474456	-0.759811	-0.444498	377	0	106	3	2	0
0.0786267	1.33304	18.2199	10.2279	27.4487	-0.0462357	0.740472	-0.110938	201	380	107	3	1	1
0.0798892	0.684745	18.1377	11.5437	27.2515	0.71969	-0.61661	-0.319122	379	381	107	3	2	0
0.0822278	0.769325	18.6305	11.1215	27.033	0.697276	0.463498	0.546786	380	382	107	3	3	0
0.0893859	0.812328	19.1669	11.4781	27.4537	0.186831	0.134206	0.973182	381	383	107	3	4	0
0.0662434	1.11554	19.3187	11.5871	28.2442	-0.685428	0.348896	0.639109	382	384	107	3	5	0
0.0564501	0.6839	18.5541	11.9763	28.9572	-0.132297	-0.878503	0.459054	383	0	107	3	6	0
0.0546308	0.742197	17.8353	9.62734	27.0239	-0.745636	0.543117	-0.386071	202	0	108	3	1	0
0.0790529	0.561641	18.2031	9.87247	27.3597	-0.483796	-0.496371	0.720803	202	0	109	3	1	0
0.0757417	0.810861	17.8753	10.2479	27.4254	0.237931	-0.964695	-0.112926	201	0	110	3	1	1
0.0594922	0.674077	19.9945	10.5067	27.9982	0.329781	-0.591999	-1.31969	204	389	111	3	1	0
0.0242521	1.06462	20.1451	10.2437	27.3921	-0.115973	-0.690877	-0.71361	388	0	111	3	2	0
0.0770162	0.423935	19.2966	10.4408	27.8946	1.22834	0.291233	1.99263	203	391	112	3	1	1
0.0430801	0.597912	19.48	10.5457	28.3108	0.689732	0.723129	0.036803	390	0	112	3	2	0
0.0758729	0.249597	19.3244	10.4295	27.7973	-0.0543458	0.751807	-0.65714	203	0	113	3	1	0
0.0594922	0.12658	20.0342	10.4977	28.0634	-1.43115	-7.65966	-1.30138	204	394	114	3	1	1
0.0646344	0.793115	20.1013	10.3165	28.1139	-0.766246	-0.630585	0.123409	393	395	114	3	2	0
0.0432234	1.28247	19.4936	9.8164	28.2118	-0.824041	-0.550894	-0.132182	394	0	114	3	3	0
0.0507454	1.2179	21.4479	10.1391	28.4429	0.133337	-0.844557	-0.518599	206	0	115	3	1	1
0.0625804	2.25979	21.346	10.6314	29.1343	-0.867721	-0.4769	0.140093	208	0	116	3	1	0
0.0685618	0.796323	21.0477	10.8635	29.2521	-0.265579	0.940142	-0.213544	208	399	117	3	1	1
0.0716327	0.997072	20.8362	11.6122	29.0821	-0.375694	0.891287	0.253894	398	400	117	3	2	0
0.0712201	0.934726	20.4616	12.5008	29.3352	-0.44814	0.651709	-0.61192	399	401	117	3	3	0
0.0645115	0.893396	20.0427	13.11	28.7633	0.0727012	0.915385	0.395962	400	402	117	3	4	0
0.0595813	0.649646	20.1077	13.9278	29.117	-0.872321	0.347163	0.344288	401	403	117	3	5	0
0.0394457	1.13993	19.541	14.1533	29.3407	-0.913142	0.392106	0.111465	402	0	117	3	6	0
0.0428781	1.17552	20.5437	11.3988	29.8012	-0.458043	-0.608964	-0.64758	209	0	118	3	1	1
0.0450899	1.36855	20.3437	13.2444	29.6264	-0.55799	-0.822101	0.113126	210	0	119	3	1	1
0.0333624	1.17447	20.3648	14.8798	29.0821	-0.142131	-0.654733	-0.742377	211	0	120	3	1	1
0.0354156	1.23329	21.2841	14.6181	28.9535	-0.757372	0.287173	0.0370825	212	408	121	3	1	1
0.0127833	1.14208	20.1233	15.0284	29.0199	-0.630721	0.313207	-0.709995	407	0	121	3	2	0
0.0321685	1.05067	20.7951	14.7406	29.3155	0.00173907	0.790301	-0.612717	211	410	122	3	1	1
0.0110378	1.03394	20.7969	15.5709	28.6718	-0.845219	0.515225	-0.141945	409	0	122	3	2	0
0.0438744	0.69942	20.3662	14.341	29.3322	-0.879794	0.292237	0.374912	210	0	123	3	1	1
0.0355665	0.521421	21.2341	14.5739	29.2615	-0.253342	-0.957807	-0.135735	212	413	124	3	1	1
0.00738823	1.19507	21.102	14.0745	29.1908	-0.0663504	-0.97903	-0.192607	412	0	124	3	2	0
0.0271486	0.592371	21.5417	14.867	28.667	-0.159411	-1.47794	0.800044	213	415	125	3	1	1
0.0116384	0.906329	21.5281	14.3372	28.9584	0.772694	-0.280751	-0.569318	414	0	125	3	2	0
0.0300616	0.67567	21.4662	14.5915	28.5402	0.670974	0.251525	-0.697516	213	0	126	3	1	0
0.024819	1.08733	21.5039	14.7908	28.6352	-0.699187	-0.322126	-0.638258	213	0	127	3	1	1
0.0992369	1.40059	17.5006	10.5146	27.5488	0.534628	0.429659	-0.727712	200	419	128	3	1	1
0.0854037	0.627465	18.2494	11.1164	26.5296	0.929603	-0.259047	-0.262168	418	420	128	3	2	0
0.0832559	0.813881	18.8327	10.9538	26.3651	0.747893	0.612843	-0.255107	419	421	128	3	3	0
0.0902509	0.906021	19.4413	11.4526	26.1574	0.373947	0.927267	-0.0184436	420	422	128	3	4	0
0.0682624	1.02728	19.7802	12.2927	26.1407	0.128105	0.95232	0.276904	421	423	128	3	5	0
0.0572922	0.787232	19.9118	13.271	26.4252	0.303911	0.89086	0.337649	422	424	128	3	6	0
0.0484028	0.829173	20.151	13.9723	26.691	-0.405297	0.91412	0.010862	423	425	128	3	7	0
0.0357601	0.892776	19.8149	14.7303	26.7	-0.328327	0.943904	0.0352997	424	0	128	3	8	0
0.0428341	0.72067	14.3798	14.4992	29.3888	0.793176	0.338552	-0.506217	214	0	129	3	1	1
0.0407139	0.609269	16.0191	7.93177	29.2547	-0.150418	-0.40744	-0.900759	217	0	130	3	1	0
0.0790529	0.893586	15.6798	7.89892	28.84	-0.190734	-0.87394	0.447046	216	0	131	3	1	0
0.0586597	2.13088	18.7017	15.0694	27.7438	0.0308239	-0.976014	0.215515	221	430	132	3	1	1
0.0170252	0.992791	18.7674	12.9896	28.203	-0.371565	-0.746497	-0.551979	429	0	132	3	2	0
0.0755992	1.30648	18.1461	15.2161	27.6477	0.37106	-0.803005	0.466366	220	432	133	3	1	1
0.0737702	0.720508	18.6309	14.167	28.257	0.641383	0.723193	0.256162	431	433	133	3	2	0
0.0531312	0.961014	19.093	14.6881	28.4416	0.028986	0.608784	0.792806	432	0	133	3	3	0
0.0657506	1.86447	18.5815	15.1253	27.7749	-0.214935	-0.671625	0.709029	220	0	134	3	1	1
0.0496204	1.95153	19.6711	14.9909	27.8154	-0.350199	0.218378	-0.303718	222	436	135	3	1	1
0.0378134	0.902846	18.3552	15.7848	26.6259	-0.888124	0.241393	0.391107	435	437	135	3	2	0
0.0547096	0.738672	17.5533	16.0028	26.979	-0.880081	0.223858	-0.418742	436	438	135	3	3	0
0.0531867	0.733513	16.9032	16.1681	26.6697	-0.974398	-0.135468	0.179436	437	439	135	3	4	0
0.0377676	0.970819	16.1885	16.0688	26.8013	-0.718935	0.50718	0.47529	438	440	135	3	5	0
0.0335341	0.635709	15.4905	16.5611	27.2627	-0.978284	0.207232	0.00386139	439	0	135	3	6	0
0.0580305	0.928504	14.5091	8.4957	28.8868	0.129116	-0.309055	-1.02359	228	442	136	3	1	1
0.0195865	1.45589	14.6221	8.19005	28.0145	0.215596	-0.283707	-0.93436	441	0	136	3	2	0
0.051711	0.9864	14.6672	8.18797	29.1811	-0.481222	-0.122426	-0.868008	229	0	137	3	1	0
0.0464885	0.937369	14.6517	8.53639	28.9387	0.511851	0.68395	0.519828	229	0	138	3	1	0
0.0816611	0.25309	11.6403	15.4611	28.2103	0.47278	-0.0257378	0.880805	231	446	139	3	1	1
0.0435579	0.571362	11.76	15.4546	28.4333	-0.264281	0.371222	-0.890141	445	447	139	3	2	0
0.0339975	1.03917	11.609	15.6667	27.9247	-0.991376	-0.0456854	-0.122828	446	0	139	3	3	0
0.00198265	0.943683	13.5239	16.7223	28.4804	0.718097	0.39779	-0.571051	233	0	140	3	1	1
0.0309936	1.13084	10.4643	12.6649	29.226	-0.48696	-0.664985	-0.566273	234	0	141	3	1	1
0.0392751	0.536857	10.4635	13.7688	24.7614	-0.845876	-0.500212	0.185152	235	451	142	3	1	1
0.00842404	0.789656	10.0094	13.5002	24.8608	-0.618818	0.326367	-0.714527	450	0	142	3	2	0
0.0196005	0.540307	10.4275	13.6316	24.5632	0.0803779	0.913919	-0.397859	236	453	143	3	1	1
0.00645058	0.773171	10.4709	14.1254	24.3482	-0.465538	0.744455	0.478603	452	0	143	3	2	0
0.0383199	1.03417	10.481	13.8568	24.6528	-0.532091	0.696558	0.408288	235	455	144	3	1	1
0.0185063	1.33934	10.2674	14.7201	25.1355	-0.147365	0.929443	-0.338258	454	0	144	3	2	0
0.0426375	0.479149	6.73937	11.0975	23.7131	1.23788	-0.62665	1.55907	241	457	145	3	1	1
0.0221784	0.135631	7.02357	10.9536	24.071	0.705579	-0.402257	0.583394	456	0	145	3	2	0
0.0330563	0.657765	6.53026	11.0477	23.5805	-0.279473	-0.864345	0.418095	241	0	146	3	1	1
0.0601058	1.19567	6.52789	12.0373	23.652	0.515776	0.785916	-0.341044	240	0	147	3	1	0
0.0332683	0.219567	7.38448	10.413	24.8098	-1.71005	0.122493	-4.21942	249	461	148	3	1	1
0.0107345	0.854418	7.29076	10.401	24.605	0.279763	-0.0644124	-0.957906	460	0	148	3	2	0
0.0313009	0.768908	7.73467	11.2399	23.0117	-0.567348	-0.425762	-0.704871	251	0	149	3	1	1
0.0438416	0.530898	3.40942	7.18448	25.708	-1.73955	-0.290459	0.66148	256	464	150	3	1	1
0.0176372	0.716271	2.90009	7.11652	25.8747	-0.848408	-0.329657	0.414161	463	0	150	3	2	0
0.0316603	1.54054	2.08439	5.70399	25.4707	-0.468677	-0.836867	0.282834	259	0	151	3	1	0
0.0280089	1.16614	2.84476	5.28599	25.4584	0.985029	0.018774	0.171363	260	0	152	3	1	1
0.0230749	0.853093	3.25402	4.87329	25.9321	0.899037	-0.415475	-0.13825	261	0	153	3	1	1
0.0335511	0.67755	3.21874	4.76395	26.0735	-0.453113	-0.502058	-0.736632	261	469	154	3	1	1
0.00902081	0.651311	2.91173	4.42378	25.5744	-0.685292	-0.72789	0.0234646	468	0	154	3	2	0
0.0438416	1.73773	4.20141	9.25814	25.0267	0.0161196	0.185794	-0.544408	255	471	155	3	1	0
0.0452327	1.92069	4.25008	9.81918	23.3828	-0.770174	-0.606937	-0.196114	470	472	155	3	2	0
0.0329322	1.42604	2.77082	8.65344	23.0061	-0.0859513	-0.979245	0.183551	471	0	155	3	3	0
0.0790529	1.29479	10.0317	6.98917	28.4073	0.685509	-0.0809471	0.723551	263	0	156	3	1	0
0.0328124	1.47572	10.209	6.88852	28.9375	-0.826194	0.553833	-0.10331	264	0	157	3	1	1
0.053504	0.663263	9.72232	6.89239	27.466	-0.122467	-1.37159	0.613917	265	476	158	3	1	0
0.0222457	0.973916	9.66844	6.289	27.7361	0.576595	-0.519552	-0.630558	475	0	158	3	2	0
0.0676511	0.162715	10.4207	6.69317	27.8277	-0.373188	-0.700631	-0.60815	265	0	159	3	1	1
0.0327243	0.724332	5.22619	11.1619	24.1555	-0.669427	0.724935	-0.162284	268	0	160	3	1	1
0.00295182	0.749244	5.45409	7.48413	23.1932	0.128439	-0.92977	0.345009	270	0	161	3	1	1
0.00239447	1.31194	5.85097	7.45793	23.5693	0.30059	-0.755337	-0.582333	270	0	162	3	1	1
0.0470374	1.21242	4.84801	6.82129	25.7259	-0.950829	-0.309418	0.0136	272	0	163	3	1	1
0.0502423	0.837709	4.51425	6.596	26.0875	-0.659748	0.75131	-0.0162733	273	0	164	3	1	1
0.0360152	0.767476	4.25338	5.65186	26.2281	-0.572256	-0.0437807	-0.818906	274	0	165	3	1	1
0.0306293	0.682026	1.40217	8.33181	25.4771	0.632598	-0.138427	-0.762009	277	0	166	3	1	0
0.0332427	0.638346	1.27123	8.22076	25.5189	0.288354	0.223433	0.93109	277	0	167	3	1	1
0.0559267	0.38817	1.78553	8.6916	25.5269	-0.42558	0.472486	-0.771776	276	487	168	3	1	1
0.0102204	0.764381	1.62033	8.875	25.2273	0.495402	-0.428022	-0.755893	486	0	168	3	2	0
0.00232525	0.711974	2.78494	8.80696	24.2784	-0.988801	-0.0241196	0.147281	280	489	169	3	1	1
0.00178226	0.397146	2.08094	8.78978	24.3833	-0.826215	-0.128353	-0.548538	488	490	169	3	2	0
0.00109474	0.816181	1.75281	8.73881	24.1654	-0.278549	-0.905912	-0.318957	489	0	169	3	3	0
0.025684	0.719997	1.68656	6.8405	25.5578	0.656867	0.552198	0.513423	284	0	170	3	1	1
0.0330789	0.419828	1.63015	6.86955	25.489	-1.87561	0.894809	1.16404	284	493	171	3	1	1
0.0130828	0.921473	1.30825	7.02161	25.6847	-0.0468882	-0.873099	-0.485282	492	0	171	3	2	0
0.0263234	1.10031	1.74253	6.75029	25.6459	-0.127718	-0.991807	-0.00261171	284	0	172	3	1	1
0.0222627	1.09203	2.08715	6.46115	26.1404	0.66924	0.584757	0.458451	284	0	173	3	1	1
0.0150771	0.705625	1.95915	8.49831	26.2416	0.248836	-0.966072	0.0691763	288	0	174	3	1	1
0.0308094	0.641262	2.00627	9.77041	25.5663	-0.84008	-0.0296882	-0.54165	291	0	175	3	1	1
0.0228767	1.06065	2.00956	10.1657	25.5889	-0.555708	-0.620555	0.441592	291	499	176	3	1	1
0.00220691	0.519562	1.25358	9.48491	25.9917	0.622485	-0.765856	-0.161173	498	0	176	3	2	0
0.0790529	3.19744	10.6695	6.1996	25.3491	0.191743	0.24514	-0.0308808	294	501	177	3	1	1
0.0303965	1.54555	12.6606	8.70771	25.0159	-0.466104	-0.611474	-0.639411	500	0	177	3	2	0
0.0763164	3.03923	10.0326	6.91825	25.3921	-0.960481	0.147855	0.23583	294	503	178	3	1	1
0.0196298	0.64948	7.1135	7.36762	26.1089	-0.670301	0.486188	0.560641	502	0	178	3	2	0
0.0790529	3.33821	9.43439	7.63979	25.3478	-0.131588	-0.129352	-0.235987	294	505	179	3	1	1
0.113119	1.45045	7.86481	6.14368	22.8378	-0.292252	-0.928178	-0.230377	504	506	179	3	2	0
0.0677123	1.29233	7.44092	4.7974	22.5037	-0.952339	0.146653	-0.267474	505	507	179	3	3	0
0.0554698	1.04961	6.21018	4.98693	22.158	-0.831428	0.500093	0.242146	506	508	179	3	4	0
0.0480902	0.547568	5.3375	5.51183	22.4122	-0.859067	0.389867	-0.331673	507	0	179	3	5	0
0.0790529	3.25766	9.79163	7.19473	25.3685	-0.238873	-0.097836	-0.166126	294	510	180	3	1	1
0.0809872	3.37293	7.27559	6.0869	23.6649	-0.961579	0.150067	0.229882	509	511	180	3	2	0
0.0726297	1.87898	4.03225	6.59307	24.4403	-0.975691	-0.215622	-0.0391695	510	512	180	3	3	0
0.0639656	1.19878	2.19895	6.18792	24.3667	-0.737902	-0.414627	-0.532527	511	513	180	3	4	0
0.0422436	1.4045	1.31436	5.69087	23.7283	-0.870306	0.207854	0.446502	512	0	180	3	5	0
0.0790529	3.81162	10.8097	6.04204	25.3475	-0.235949	-0.104158	0.0480577	294	515	181	3	1	1
0.0845319	1.19549	7.32478	4.39313	26.129	0.244929	0.685016	0.686121	514	516	181	3	2	0
0.0824376	0.672989	7.61759	5.21206	26.9493	0.517453	0.104668	0.849286	515	517	181	3	3	0
0.0536489	1.17375	7.96583	5.2825	27.5208	-0.406814	0.900955	0.150939	516	0	181	3	4	0
0.0790529	4.22759	10.5979	6.28027	25.3531	-0.165229	-0.168697	-0.0138766	294	519	182	3	1	1
0.0955407	2.74499	8.17394	3.4088	24.7394	-0.615376	-0.787081	0.0426038	518	520	182	3	2	0
0.0711133	2.02284	6.48474	1.24827	24.8564	-0.979388	0.172376	-0.105291	519	521	182	3	3	0
0.0545566	1.74476	4.50359	1.59696	24.6434	-0.555781	0.82943	0.0561493	520	0	182	3	4	0
0.0816663	1.8547	15.8346	2.87175	24.813	0.0469869	0.219101	0.97457	300	523	183	3	1	1
0.0856504	0.426185	15.9218	3.27811	26.6205	0.585904	-0.724131	-0.363801	522	524	183	3	2	0
0.0716546	0.471226	16.1715	2.9695	26.4655	-0.324309	-0.945844	0.0142315	523	525	183	3	3	0
0.0636912	0.657306	16.0187	2.52379	26.4722	0.799483	-0.419894	0.429554	524	526	183	3	4	0
0.0768261	0.407023	16.5442	2.24779	26.7546	0.841285	0.389774	0.374588	525	527	183	3	5	0
0.0537842	0.942996	16.8866	2.40644	26.907	0.356223	-0.929507	-0.0955054	526	528	183	3	6	0
0.038216	1.41336	17.2225	1.52992	26.817	0.814953	-0.572624	-0.0891807	527	0	183	3	7	0
0.0681328	4.73416	16.5388	3.27822	24.8144	-0.450954	0.241579	0.859232	300	0	184	3	1	1
0.0727405	2.7794	14.8517	5.00695	23.6979	0.138379	0.988184	-0.0659075	299	0	185	3	1	1
0.0756831	5.34485	14.7256	5.09485	23.7831	0.234726	0.662969	0.710898	299	0	186	3	1	1
0.0572984	2.95448	18.2349	1.49119	22.7605	0.965765	0.00825647	-0.259289	305	533	187	3	1	1
0.0554986	1.73393	21.0882	1.51558	21.9944	0.378353	0.748687	-0.54435	532	534	187	3	2	0
0.0450776	1.59286	21.7442	2.81375	21.0506	0.327539	0.561897	-0.759599	533	0	187	3	3	0
0.067907	1.13179	17.8906	3.30315	24.3394	0.373117	0.716109	0.589892	301	536	188	3	1	1
0.0697822	0.932608	18.3129	4.11364	25.007	0.73177	0.577623	-0.361751	535	537	188	3	2	0
0.0622723	0.98327	18.9953	4.65233	24.6697	0.590807	0.788918	0.168984	536	538	188	3	3	0
0.0672123	0.902952	19.5763	5.42805	24.8358	-0.246	0.966698	0.0705693	537	539	188	3	4	0
0.056082	1.44056	19.3541	6.30093	24.8995	0.605924	0.479058	-0.635106	538	540	188	3	5	0
0.0376098	1.29125	20.227	6.99105	23.9846	0.910634	0.22382	-0.347349	539	0	188	3	6	0
0.0604745	1.23248	17.6551	2.90129	23.2077	0.317308	-0.173729	0.72626	303	542	189	3	1	1
0.0605541	1.22098	18.0865	2.6795	24.3949	0.829355	0.530208	0.17621	541	543	189	3	2	0
0.0763652	0.542141	19.0991	3.32687	24.61	0.720121	0.308514	0.621486	542	544	189	3	3	0
0.0405688	1.15315	19.4895	3.49413	24.9469	0.573559	0.510454	0.640677	543	0	189	3	4	0
0.0661857	0.86753	17.9331	3.31243	24.2942	0.607109	0.707133	0.678301	302	546	190	3	1	1
0.0687069	0.792843	18.3909	3.85514	24.7366	0.546966	-0.790281	0.276194	545	547	190	3	2	0
0.0707774	0.941961	18.8246	3.22857	24.9556	-0.559172	-0.599358	0.572797	546	548	190	3	3	0
0.0478238	1.51072	18.2979	2.664	25.4951	-0.0322308	-0.959565	0.279637	547	0	190	3	4	0
0.0674291	1.65259	17.5128	3.4688	23.854	0.999468	0.0198473	0.0258834	302	550	191	3	1	1
0.0663437	1.16156	19.1645	3.5016	23.8968	0.525306	-0.715332	0.460818	549	551	191	3	2	0
0.0647337	0.673354	19.7747	2.6707	24.4321	0.511201	0.771304	0.379162	550	552	191	3	3	0
0.0456041	0.6254	20.1189	3.19006	24.6874	0.797142	0.33163	0.504565	551	0	191	3	4	0
0.0604745	1.19937	17.8185	2.73828	23.0491	0.156486	0.784101	-0.236361	303	554	192	3	1	1
0.0576656	0.790895	18.0402	3.81021	22.7362	-0.135898	-0.526953	-0.838959	553	555	192	3	2	0
0.0420561	0.575474	17.9327	3.39345	22.0727	-0.577292	-0.344128	-0.740479	554	556	192	3	3	0
0.0337406	0.451899	17.6005	3.19541	21.6466	-0.935386	-0.304748	0.179392	555	0	192	3	4	0
0.0490915	2.2545	18.0771	1.96043	22.8975	-0.952518	0.206621	0.223646	304	0	193	3	1	1
0.0573207	1.26665	18.0903	1.7686	22.8641	-0.732173	-0.238131	-0.174652	304	559	194	3	1	1
0.024277	1.49176	16.9324	1.38415	22.5818	-0.0123656	-0.890272	0.455262	558	0	194	3	2	0
0.0509791	1.44746	19.3678	0.74905	21.7457	0.741345	0.231915	-0.629781	306	561	195	3	1	1
0.0424528	0.788928	20.4409	1.08474	20.8341	0.723043	-0.238619	-0.648282	560	562	195	3	2	0
0.0376496	1.13816	21.0113	0.896485	20.3226	0.32949	0.899647	0.286482	561	0	195	3	3	0
0.0413632	1.26543	19.4841	0.958474	20.8524	-0.107536	0.991618	0.0716206	308	0	196	3	1	1
0.045626	0.846561	19.5038	0.933089	20.8823	-0.291243	-0.890463	-0.719446	308	565	197	3	1	1
0.0201723	0.894831	19.2951	0.294924	20.3667	-0.788376	0.175486	-0.589634	564	0	197	3	2	0
0.0225487	1.28607	19.9406	1.07139	18.4848	-0.355568	0.934648	0.0020061	310	0	198	3	1	1
0.0790529	2.7614	13.2366	4.11342	24.4905	-0.209121	-0.286973	-0.0711078	297	568	199	3	1	1
0.0830345	7.33456	11.2808	2.10404	24.5121	0.724747	0.650841	0.226157	567	569	199	3	2	0
0.0766612	2.33054	16.5965	6.87768	26.1708	0.723875	-0.505446	0.469606	568	570	199	3	3	0
0.0978742	1.15872	18.2835	5.69971	27.2653	0.596134	0.604472	-0.52843	569	571	199	3	4	0
0.0640802	1.52599	18.9743	6.40013	26.653	0.901845	0.415932	0.116947	570	572	199	3	5	0
0.0576083	0.95045	20.3505	7.03483	26.8314	0.345301	-0.687569	-0.638761	571	573	199	3	6	0
0.0540214	0.762749	20.6787	6.38133	26.2243	0.785974	-0.235203	-0.571773	572	574	199	3	7	0
0.0519673	0.633807	21.2782	6.20193	25.7882	0.60943	0.710102	0.352633	573	575	199	3	8	0
0.0396884	1.40001	21.6644	6.652	26.0117	0.650643	0.567378	0.504724	574	0	199	3	9	0
0.0339203	0.789155	18.8662	2.66466	19.1309	0.544318	0.181753	-0.818953	314	577	200	4	1	1
0.0329156	0.782693	19.2957	2.80809	18.4846	0.239984	0.610042	-0.755153	576	578	200	4	2	0
0.0359929	0.974789	19.4835	3.28556	17.8936	0.575782	0.815364	-0.0604762	577	0	200	4	3	0
0.0247596	0.431237	17.3152	3.63229	18.8906	0.236854	-0.550846	2.24005	316	580	201	4	1	1
0.0117021	1.09341	17.3834	3.49768	19.2995	-0.785899	-0.616451	0.048494	579	0	201	4	2	0
0.0224961	3.30951	17.356	3.54426	18.8584	0.259519	-0.907208	0.331094	316	0	202	4	1	0
0.0229629	0.943841	20.5509	4.06974	17.9461	-0.557389	-0.844376	-0.314465	321	583	203	4	1	1
0.0107142	0.819673	20.0241	3.32644	17.6388	-0.400339	0.869583	0.289057	582	0	203	4	2	0
0.0233245	0.635184	19.4397	3.04465	22.214	0.242701	0.50261	0.829747	329	0	204	4	1	1
0.0247415	0.637339	21.1767	3.43328	20.9997	0.748097	-0.21386	-0.628184	336	0	205	4	1	1
0.0105485	0.704304	21.3247	3.10837	21.4435	-0.141607	0.661076	0.736835	337	0	206	4	1	1
0.0246868	1.42574	22.7188	6.59439	23.0094	-0.296632	-0.321231	0.899344	343	0	207	4	1	1
0.0272439	1.25072	22.7425	6.61367	23.0416	-0.962302	0.138364	0.234159	343	589	208	4	1	1
0.00798175	1.38015	21.539	6.78673	23.3345	-0.653292	-0.756852	0.0196002	588	0	208	4	2	0
0.0253297	0.614616	22.7435	6.6135	23.0426	-0.304732	0.899896	0.31197	343	0	209	4	1	1
0.0311121	0.767337	22.5271	6.66907	22.8566	1.30264	-0.0340191	0.0182494	343	592	210	4	1	0
0.0332373	1.03409	23.2941	6.64904	22.8673	-0.0056791	-0.996014	0.0890175	591	593	210	4	2	0
0.0369694	0.489952	23.2882	5.61907	22.9594	-0.440244	-0.893612	0.0874236	592	594	210	4	3	0
0.0245072	0.83991	23.0725	5.18124	23.0022	-0.0171847	-0.763934	-0.645066	593	0	210	4	4	0
0.0239278	0.60472	22.1753	4.68373	21.7778	1.55901	-0.494734	-0.243567	347	596	211	4	1	1
0.00963053	0.965544	22.7455	4.50281	21.6887	0.662126	-0.150921	0.734038	595	0	211	4	2	0
0.00202839	0.535577	22.205	3.80236	21.85	0.73324	-0.53701	0.417109	347	0	212	4	1	1
0.0645395	1.58515	17.1134	11.2276	24.3892	-0.0716205	0.112129	0.991109	350	0	213	4	1	1
0.0693098	1.18317	18.1324	14.0896	24.117	0.620431	0.7267	0.294912	355	0	215	4	1	1
0.050596	1.58099	18.0911	14.1075	24.1261	0.887594	0.428397	0.16927	355	0	216	4	1	1
0.0394147	0.842094	20.6223	12.7052	24.6388	0.00540855	0.999086	-0.0424003	360	0	217	4	1	1
0.0494127	1.2978	19.1772	11.9893	24.3949	0.926863	0.213624	-0.308691	361	0	218	4	1	0
0.0022412	0.804953	14.4937	9.45601	29.2979	0.13807	-0.631381	0.763083	373	0	219	4	1	1
0.0702022	0.444278	16.9435	7.9399	28.4012	0.581869	-0.509721	0.63373	374	0	220	4	1	0
0.0751003	0.602565	19.4686	11.6699	27.5893	0.843473	-0.230415	-0.485244	381	0	221	4	1	0
0.031382	0.742636	18.7835	11.1323	27.0818	0.791531	0.607738	-0.0642905	381	0	222	4	1	0
0.0719369	0.650567	19.1479	11.3555	27.141	-0.642677	-0.749007	0.161103	382	0	223	4	1	0
0.070108	0.43142	19.3199	11.507	27.7873	0.907358	-0.311974	-0.281732	382	0	224	4	1	0
0.0327263	2.04027	19.9855	10.4344	27.7939	0.156218	-0.569875	-0.806745	388	0	225	4	1	1
0.00172651	0.760947	19.8014	10.9427	28.3178	-0.172491	0.78301	0.597614	391	0	226	4	1	1
0.0305226	0.876582	19.0241	9.45446	28.1495	0.230292	0.25387	0.939423	395	0	227	4	1	0
0.0600694	1.01871	20.3906	10.0352	29.299	0.213076	-0.976978	0.0106177	397	0	228	4	1	1
0.0511892	0.717246	20.5722	12.2419	29.1873	-0.652788	0.152057	-0.742123	399	614	229	4	1	1
0.0134137	0.745873	20.104	12.351	28.655	0.432092	0.462746	-0.774056	613	0	229	4	2	0
0.0539513	1.50291	20.718	11.8987	29.0894	0.0079564	0.379311	-0.546614	399	616	230	4	1	1
0.0840196	0.644401	20.75	12.7119	27.7998	0.483934	0.495447	0.721346	615	617	230	4	2	0
0.0394381	1.17033	21.0618	13.0312	28.2646	-0.997957	0.0362044	-0.0526359	616	0	230	4	3	0
0.0453448	1.54409	20.2641	12.7427	29.1784	-0.719996	0.39881	0.567941	400	0	231	4	1	1
0.0381785	0.938697	19.6937	14.1367	29.3324	0.881116	-0.203507	0.426871	402	0	232	4	1	1
0.0327318	0.734361	19.4139	14.1667	29.3433	-0.247305	-0.90612	-0.343201	403	621	233	4	1	1
0.0142197	0.491639	19.2323	13.5013	29.0912	-0.931151	-0.364126	0.0192366	620	0	233	4	2	0
0.0266556	0.944183	18.8633	14.4107	29.3972	0.528544	-0.112015	-0.841483	403	0	234	4	1	1
0.0300249	0.988775	20.2559	11.077	29.4651	-0.233028	0.966729	-0.105516	404	0	235	4	1	0
0.0600497	0.516621	19.8994	10.6125	28.9285	-0.251755	-0.120132	0.960306	404	0	236	4	1	0
0.015062	0.673623	20.1881	14.2169	28.3093	-0.321696	0.215561	0.921979	406	0	237	4	1	1
0.0199957	0.250377	20.2325	14.1129	28.22	3.87038	-0.274836	0.946855	406	627	238	4	1	1
0.00852974	1.18577	20.39	13.9993	28.2646	0.313929	-0.000132881	0.949447	626	0	238	4	2	0
0.0259195	0.720018	20.2678	15.0394	28.9928	0.00658422	0.855295	-0.518099	407	0	239	4	1	1
0.0250101	0.487143	19.9896	15.0918	28.8886	-0.649865	-0.758308	0.0514265	408	0	240	4	1	1
0.0195323	0.758792	19.9115	15.13	28.8007	-0.3692	-0.713733	0.595212	408	0	241	4	1	1
0.0261115	0.525683	20.829	15.6557	28.601	0.691376	-0.368596	-0.621398	409	0	242	4	1	1
0.0025	0.589067	20.0891	16.0149	28.549	0.0581211	-0.41962	-0.905837	410	0	243	4	1	0
0.0483044	1.00022	20.2525	14.3579	29.4202	-0.694917	0.190515	0.693394	411	0	244	4	1	1
0.0127983	0.641267	21.096	13.949	29.159	1.45258	0.529706	-0.202951	413	635	245	4	1	1
0.00571607	1.07662	21.6783	14.154	29.1162	-0.378329	-0.848098	-0.370941	634	0	245	4	2	0
0.0644995	1.1255	19.8201	12.5043	26.2727	0.687026	-0.5589	-0.071023	422	637	246	4	1	1
0.057674	1.22069	20.6851	11.7988	26.2208	-0.252099	0.967623	0.0123017	636	638	246	4	2	0
0.0375161	0.729042	20.3774	12.98	26.2358	-0.100473	0.812333	-0.574474	637	0	246	4	3	0
0.0273395	0.953831	17.6219	10.7378	27.3231	0.257819	-0.313023	-0.914082	418	0	247	4	1	1
0.0751003	0.655722	19.2661	11.2233	26.2836	0.00387186	-1.51388	0.184094	420	641	248	4	1	1
0.025823	1.26063	19.3268	10.4913	26.2507	-0.489544	-0.861124	0.137159	640	0	248	4	2	0
0.0861427	1.50534	19.0628	11.0489	26.2595	0.758501	-0.328643	-0.562734	420	643	249	4	1	0
0.0675574	0.873274	20.2046	10.5542	25.4124	0.7227	-0.111612	-0.68209	642	644	249	4	2	0
0.0803804	0.532757	20.8358	10.4567	24.8168	0.433298	0.800759	0.413568	643	645	249	4	3	0
0.0495245	0.727595	21.0666	10.8834	25.0371	0.727608	0.426601	-0.537213	644	0	249	4	4	0
0.0699425	1.66217	18.9319	10.9364	26.3134	0.988807	0.0522795	-0.139738	420	0	250	4	1	1
0.0700956	0.885757	19.5287	11.4204	26.168	1.11751	-0.155202	-0.0409804	420	648	251	4	1	1
0.0272235	0.988678	20.4125	11.317	26.1329	0.820318	-0.389735	-0.418552	647	0	251	4	2	0
0.0508103	0.50977	20.2632	14.1238	26.7532	1.5173	-0.882746	-0.875623	423	650	252	4	1	0
0.0222891	0.602316	20.6575	13.8944	26.5256	0.14422	0.30476	0.941447	649	0	252	4	2	0
0.0181874	1.03478	19.948	13.222	26.4682	0.868481	-0.289347	0.402517	422	0	253	4	1	1
0.0499934	0.753447	19.9776	13.2494	26.4258	0.725629	0.658065	0.201032	422	0	254	4	1	1
0.0467483	0.265103	19.9417	14.3322	26.679	1.22631	2.8313	-2.16997	424	654	255	4	1	1
0.0179422	0.791347	20.1518	14.5039	26.587	0.346025	0.787576	0.509892	653	0	255	4	2	0
0.0466691	0.540188	19.9196	14.3336	26.6685	-0.778924	-0.532679	0.330954	425	0	256	4	1	0
0.0363362	1.0662	19.7914	14.6897	26.6951	-0.758423	-0.651465	-0.0196958	425	0	257	4	1	0
0.0751003	0.967912	18.1585	11.156	26.6459	-0.733419	0.595583	0.418068	418	658	258	4	1	1
0.0752951	1.21334	17.4889	11.6324	27.0663	0.894515	0.0953866	-0.436744	657	659	258	4	2	0
0.0711737	0.905219	18.5743	11.7482	26.5364	0.322656	0.691162	-0.646675	658	660	258	4	3	0
0.0733783	0.625573	18.8663	12.3738	25.951	0.525452	0.808356	-0.265443	659	661	258	4	4	0
0.0655732	0.650504	19.195	12.8795	25.785	0.635622	0.745588	-0.200207	660	662	258	4	5	0
0.0495247	0.952475	19.6085	13.3645	25.6547	0.530039	0.846646	-0.0474297	661	663	258	4	6	0
0.042954	0.515061	20.1134	14.1709	25.6095	0.22901	0.86107	-0.453997	662	0	258	4	7	0
0.0751003	0.729476	15.2824	7.51579	28.7698	0.756607	-0.358429	0.546877	428	0	259	4	1	0
0.0521816	0.221036	19.0196	14.2355	27.8297	0.272049	0.828171	-0.490022	433	0	260	4	1	0
0.05412	0.865755	18.8795	14.3598	28.292	0.0341841	-0.999077	0.0260182	432	0	261	4	1	1
0.0527797	0.578327	18.1636	13.788	29.0913	0.527144	-0.643174	0.555379	434	0	262	4	1	1
0.0572092	0.700644	18.5719	15.7196	26.8037	0.376694	0.88148	-0.284772	435	669	263	4	1	1
0.0487764	0.862861	18.8358	16.3372	26.6042	-0.521283	0.374148	0.766992	668	670	263	4	2	0
0.0496191	0.618858	18.386	16.66	27.266	-0.514772	-0.244535	0.821713	669	671	263	4	3	0
0.0378281	0.569988	18.0674	16.5087	27.7745	-0.901803	0.360242	-0.238698	670	672	263	4	4	0
0.0297428	0.524181	17.5534	16.714	27.6385	-0.622179	-0.150904	-0.768194	671	0	263	4	5	0
0.047356	1.32528	18.1434	15.8475	26.679	-0.522771	0.768472	-0.369	436	674	264	4	1	1
0.0491073	0.439911	17.4506	16.866	26.19	-0.356604	0.576492	-0.735181	673	675	264	4	2	0
0.0403874	0.626749	17.2937	17.1196	25.8665	0.269773	0.958051	-0.0967534	674	0	264	4	3	0
0.0389077	1.11125	16.6568	16.1402	26.7686	0.463285	0.868477	0.176393	438	0	265	4	1	1
0.0398951	1.15023	16.9456	16.2276	26.6647	0.748729	0.655796	0.0966279	438	0	266	4	1	1
0.0328341	0.824352	15.948	16.259	26.9283	0.535213	1.07147	-0.192482	439	679	267	4	1	0
0.0347702	0.79308	16.3117	16.9871	26.7974	-0.573079	0.76578	0.291824	678	680	267	4	2	0
0.0257464	0.651573	15.8572	17.5944	27.0289	-0.862167	-0.263067	0.43297	679	0	267	4	3	0
0.0238729	0.779928	15.8168	16.3236	27.0024	0.166601	-0.741247	0.650228	439	0	268	4	1	1
0.0287377	0.731657	15.2325	16.5839	27.276	0.0615872	-0.130114	0.989584	440	0	269	4	1	1
0.0491255	0.0786928	14.1808	7.74494	28.5825	0.788658	-0.582004	-0.198219	443	0	270	4	1	0
0.013718	0.429741	9.91562	13.5406	24.7605	-0.694535	-0.652721	0.302618	451	0	271	4	1	0
0.0136784	0.874134	10.4681	13.8694	24.4589	0.701406	-0.619655	-0.352217	452	0	272	4	1	0
0.00975122	0.460864	3.80401	4.6225	25.8708	-0.233363	-0.958412	-0.164283	467	0	273	4	1	1
0.00959634	0.712929	2.87933	4.39558	25.5675	-0.825907	0.0658485	-0.559948	469	0	274	4	1	1
0.0389911	2.37604	2.8773	8.78533	23.0137	0.147425	0.0404043	0.392127	471	689	275	4	1	1
0.0445816	1.36761	3.72073	8.91018	25.359	-0.914432	-0.23579	0.328963	688	690	275	4	2	0
0.0312266	1.48394	2.47014	8.58771	25.8089	0.218802	0.182991	0.958457	689	0	275	4	3	0
0.0416495	1.66648	3.12607	8.97755	23.0724	0.0549047	0.0280187	0.596893	471	692	276	4	1	1
0.0170143	1.5326	3.21872	9.02944	24.7442	-0.450328	0.513055	-0.730738	691	0	276	4	2	0
0.0418062	1.59382	4.19306	9.43768	24.3932	-0.90218	0.143701	0.40672	470	694	277	4	1	1
0.0550868	0.531196	2.75514	9.66671	25.0414	0.99667	-0.0795962	-0.0177092	693	695	277	4	2	0
0.0342493	0.750324	3.28457	9.62443	25.032	0.444851	0.873898	0.195986	694	0	277	4	3	0
0.0391991	1.49587	4.1954	9.41737	24.4444	-0.867777	0.398107	-0.297445	470	697	278	4	1	1
0.0108436	0.752382	2.89731	10.0129	23.9994	-0.987721	0.15117	0.0394406	696	0	278	4	2	0
0.0416495	1.35892	4.22963	9.84649	23.3527	-0.328975	0.442992	-0.486882	471	699	279	4	1	1
0.0460944	0.649408	3.5779	10.6718	22.4895	-0.568223	-0.265558	-0.778846	698	700	279	4	2	0
0.0399892	0.538517	3.2089	10.4993	21.9837	-0.157832	-0.987149	0.0250055	699	701	279	4	3	0
0.0310802	0.806901	3.1239	9.96775	21.9972	-0.362454	-0.881778	-0.30182	700	0	279	4	4	0
0.0413293	3.38031	4.20009	9.20542	25.0455	-0.376045	-0.70223	-0.604536	470	0	280	4	1	1
0.0268912	0.654094	2.7569	8.14262	23.0895	0.981175	0.080549	0.175521	472	0	281	4	1	0
0.0334508	0.725127	3.0671	11.6529	22.4415	0.622621	-0.422477	1.15572	472	705	282	4	1	0
0.0137882	1.25205	3.39448	11.4308	23.0492	-0.0538938	0.868672	0.492447	704	0	282	4	2	0
0.0304764	0.687154	10.0212	5.95298	27.3633	0.415377	-0.369955	0.831021	476	0	283	4	1	1
0.0144567	0.775923	4.80056	11.6108	24.0217	-0.281414	-0.394199	-0.874879	478	0	284	4	1	1
0.0543545	0.802821	3.54665	6.44534	25.7313	0.327619	0.78265	-0.529268	481	0	285	4	1	0
0.0364693	0.938658	1.80078	8.65814	25.6557	-0.834765	0.517164	0.188969	486	710	286	4	1	1
0.010812	0.644028	1.01723	9.14358	25.8331	-0.275533	-0.944319	0.17984	709	0	286	4	2	0
0.0309184	1.20199	1.81216	8.64089	25.6794	-0.452926	0.838988	-0.301592	486	0	287	4	1	1
0.0315928	1.05255	1.74498	6.91177	25.6345	0.413958	0.539887	0.732912	491	0	288	4	1	1
0.00199649	1.19019	1.27857	6.70501	25.5122	-0.647803	0.649648	0.397881	493	0	289	4	1	1
0.0253144	0.488635	2.25987	6.63118	26.2844	-0.726766	0.0841452	0.681712	495	0	290	4	1	1
0.0415648	1.23034	12.4063	8.32559	25.1305	0.551599	-0.56511	0.613506	500	0	291	4	1	1
0.0387376	0.739667	12.6939	8.71521	25.065	0.523309	-0.807356	0.949799	501	717	292	4	1	0
0.0156579	0.887351	12.9802	8.2735	25.5847	0.925422	-0.325649	0.193768	716	0	292	4	2	0
0.0561583	1.16421	12.7774	8.84621	25.087	0.561632	0.794898	0.229579	500	0	293	4	1	0
0.0486777	0.473551	7.13057	7.30923	26.0483	-0.441723	-0.760394	-0.476111	502	0	294	4	1	1
0.0206475	0.653109	6.9977	7.45224	26.2297	-0.483079	-0.789193	-0.379222	503	0	295	4	1	1
0.0251928	0.452784	7.07299	7.37436	26.1253	-0.981122	0.161723	0.106042	503	0	296	4	1	1
0.0240298	0.97646	7.88528	5.84812	22.7389	0.0946505	0.555541	-0.826084	505	723	297	4	1	1
0.0247694	0.485234	7.9777	6.39059	21.9323	-0.645034	-0.189929	-0.740174	722	724	297	4	2	0
0.0308593	0.567934	7.66471	6.29843	21.5731	-0.985304	-0.084923	-0.148206	723	725	297	4	3	0
0.0336566	0.642048	7.10512	6.2502	21.4889	-0.943711	0.211548	0.254277	724	0	297	4	4	0
0.073922	1.27554	7.53851	4.73139	22.4886	-0.411218	0.721732	-0.556779	505	727	298	4	1	1
0.0214518	0.781429	7.01398	5.65199	21.7785	-0.938033	0.0819559	-0.336716	726	0	298	4	2	0
0.101494	1.17067	6.83792	4.9162	22.3983	-0.0308376	-0.116912	-0.992663	506	729	299	4	1	1
0.0172816	0.94334	6.80182	4.77933	21.2362	0.0416819	0.865597	-0.499004	728	0	299	4	2	0
0.0587475	1.27193	6.80332	4.83611	22.2922	-0.634226	-0.321549	-0.703109	506	0	300	4	1	0
0.0810794	2.00274	7.24513	6.01068	23.6564	-0.608488	-0.7843	0.120891	510	732	301	4	1	1
0.0768431	0.863039	6.02649	4.43993	23.8985	-0.97546	0.0247331	-0.218785	731	733	301	4	2	0
0.0746517	1.22044	5.18463	4.46127	23.7097	-0.856902	-0.417594	0.302216	732	734	301	4	3	0
0.0884524	0.626444	4.13882	3.95163	24.0785	-0.673364	0.569499	0.471436	733	735	301	4	4	0
0.0700978	0.748338	3.717	4.30838	24.3738	-0.58674	0.809764	0.00427176	734	736	301	4	5	0
0.0493159	0.757458	3.27792	4.91436	24.377	-0.678656	0.434047	-0.592477	735	737	301	4	6	0
0.0388601	0.882697	2.76387	5.24313	23.9283	-0.03086	-0.911213	-0.410778	736	0	301	4	7	0
0.0751003	0.474047	4.24844	6.47766	24.3927	-1.23797	-1.44568	0.909618	510	739	302	4	1	1
0.0798911	1.03997	3.99682	6.11671	24.6271	-0.556655	-0.719139	0.415902	738	740	302	4	2	0
0.0524826	1.54937	3.41791	5.36882	25.0596	-0.328267	0.286524	0.90008	739	0	302	4	3	0
0.0751674	2.07511	5.19106	6.33202	24.1432	-0.866045	-0.43461	-0.247143	510	742	303	4	1	1
0.0761394	0.843843	3.39392	5.43016	23.6303	-0.938354	0.138704	0.316627	741	743	303	4	2	0
0.0867162	0.495151	2.6021	5.5472	23.8975	-0.749819	0.649814	-0.124552	742	744	303	4	3	0
0.060264	0.660719	2.23083	5.86896	23.8358	-0.163055	-0.0915015	-0.982365	743	745	303	4	4	0
0.0412742	1.01468	2.12309	5.8085	23.1868	-0.871382	-0.490461	-0.0118668	744	0	303	4	5	0
0.036645	1.14488	0.4545	5.93102	24.1452	0.222731	0.838945	0.0973926	513	747	304	4	1	0
0.0154985	0.671351	0.746444	7.03067	24.2729	-0.391441	0.196626	0.89895	746	0	304	4	2	0
0.0775196	0.54719	2.48171	6.17627	24.3715	-0.370829	0.0488447	0.927416	511	749	305	4	1	1
0.0138588	1.36355	2.2788	6.203	24.879	-0.383095	-0.92363	-0.0120716	748	0	305	4	2	0
0.0568687	0.574092	1.83205	5.91292	24.1069	-0.848248	-0.30376	0.433827	512	751	306	4	1	1
0.0121193	1.3973	1.34508	5.73854	24.3559	0.00712975	-0.821784	0.569755	750	0	306	4	2	0
0.0516175	1.40887	2.00497	6.01276	24.239	-0.317866	-0.87478	-0.365679	512	0	307	4	1	1
0.0482001	0.976272	1.61369	5.79333	23.9577	-0.785449	-0.430358	-0.444816	512	0	308	4	1	1
0.036645	0.228327	0.386123	5.91368	24.1575	-0.759834	-2.68729	-3.37384	513	755	309	4	1	1
0.0151585	0.936768	0.352446	5.79076	23.9803	0.116906	-0.361653	-0.924954	754	0	309	4	2	0
0.0654652	0.873368	1.89944	5.96348	24.1819	-0.842044	0.408031	0.352806	512	0	310	4	1	1
0.068284	0.575051	3.72987	6.45313	24.4409	0.260627	-0.795551	1.52421	511	758	311	4	1	1
0.0798215	1.05423	3.77939	6.35497	25.1067	-0.458093	0.16991	-0.872514	757	759	311	4	2	0
0.0746126	0.646112	3.29645	6.5341	24.1868	0.015017	0.800554	-0.599072	758	760	311	4	3	0
0.067379	0.94923	3.30615	7.05134	23.7998	0.668123	0.730736	-0.140127	759	761	311	4	4	0
0.062918	0.71834	3.94036	7.74498	23.6668	0.668002	-0.439876	-0.600236	760	762	311	4	5	0
0.0541522	0.700202	4.42021	7.429	23.2356	0.378003	0.327842	-0.865814	761	763	311	4	6	0
0.043578	1.32835	4.68489	7.65856	22.6293	0.27066	0.785532	-0.556491	762	0	311	4	7	0
0.065632	1.42104	7.33908	5.07203	26.4809	-0.0546508	-0.981735	-0.182234	516	0	312	4	1	0
0.0726584	1.06607	7.25489	4.4334	26.1026	-0.735944	0.471435	0.485937	515	766	313	4	1	1
0.015621	1.36491	6.47032	4.93599	26.6207	-0.00269331	0.981801	0.189892	765	0	313	4	2	0
0.117574	1.67117	7.67765	2.62319	24.7565	0.673901	-0.530111	0.514626	519	768	314	4	1	1
0.0232112	0.928632	8.80386	1.73729	25.6166	-0.579399	-0.754801	0.307527	767	0	314	4	2	0
0.0751003	0.99714	8.19578	3.57916	24.771	-0.400593	-0.23922	0.884477	519	0	315	4	1	0
0.0746806	1.97987	5.59958	1.47315	24.7391	0.787417	0.338909	0.514893	520	0	316	4	1	1
0.0662584	1.68341	6.1365	1.38108	24.8078	0.140823	0.500485	0.287329	520	772	317	4	1	1
0.0756838	0.840165	6.5535	2.78187	25.6346	-0.39654	0.659752	0.638344	771	773	317	4	2	0
0.0767986	0.571618	6.22034	3.33618	26.1709	0.684959	0.675042	-0.274134	772	774	317	4	3	0
0.0503485	0.634256	6.61188	3.72204	26.0142	-0.222093	0.965961	-0.13264	773	0	317	4	4	0
0.0751003	1.4754	8.09659	3.33098	24.6493	-0.566348	0.35833	0.101183	519	776	318	4	1	1
0.073704	0.672063	6.87803	4.13406	24.7981	-0.854907	0.497615	-0.146676	775	777	318	4	2	0
0.059728	0.595795	6.30348	4.46849	24.6996	-0.995431	0.0947621	0.0117553	776	0	318	4	3	0
0.0738414	0.143936	7.01467	1.77691	24.7984	-0.967773	1.24927	-6.7654	519	779	319	4	1	1
0.0751475	1.78314	7.03345	1.75344	24.765	-0.829866	0.452915	0.325869	778	780	319	4	2	0
0.0695691	1.11444	5.55368	2.56105	25.346	-0.826993	0.449396	-0.337827	779	781	319	4	3	0
0.0466505	1.05826	4.63205	3.06187	24.9696	-0.95053	0.310367	0.0128223	780	0	319	4	4	0
0.0662584	0.480466	5.98932	1.39546	24.7622	-0.0880348	0.452817	-2.02955	520	783	321	4	1	1
0.0681524	0.717148	5.95291	1.52163	24.2933	-0.018898	0.27573	-0.961049	782	784	321	4	2	0
0.0618339	1.4638	5.93936	1.71937	23.6041	0.886554	-0.252883	-0.38739	783	785	321	4	3	0
0.0415694	0.403235	7.2371	1.3492	23.037	0.935683	-0.218235	0.277257	784	0	321	4	4	0
0.0578945	0.912061	6.11341	1.38377	24.7982	-0.624007	0.100357	0.774947	520	787	322	4	1	1
0.0190017	0.716394	5.54428	1.4753	25.505	-0.459255	0.683183	0.567755	786	0	322	4	2	0
0.048351	1.01956	4.67037	1.63919	24.6507	0.167063	-0.929324	0.329313	520	0	323	4	1	1
0.0662584	1.3867	5.64627	1.46237	24.7372	-0.68897	-0.10087	-0.187577	520	790	324	4	1	1
0.0271175	0.794413	4.32143	1.26841	24.3765	-0.929024	0.321288	-0.183542	789	0	324	4	2	0
0.0686369	0.928987	4.17593	2.0911	24.6222	-0.36071	0.171447	0.916785	521	792	325	4	1	1
0.0121486	1.02595	3.84083	2.25038	25.4738	0.116075	-0.99324	0.00106384	791	0	325	4	2	0
0.0552764	2.27249	4.55933	1.65121	24.6152	-0.494316	0.745364	-0.447307	520	0	326	4	1	0
0.0485704	1.31487	3.82041	2.60786	24.6576	0.383033	0.0350185	-0.923071	521	0	327	4	1	1
0.0640499	0.649598	16.1298	2.39357	26.5512	-1.20725	-0.836929	-0.460314	525	796	328	4	1	1
0.0262277	1.82943	15.7998	2.22871	26.3466	0.491322	-0.838083	0.237106	795	0	328	4	2	0
0.0589347	0.954976	16.6022	2.33914	26.8451	-0.312384	0.686789	0.656305	526	0	329	4	1	0
0.0466526	0.324465	17.1536	1.78203	26.8893	1.43875	-0.390979	2.69737	527	799	330	4	1	1
0.0569936	0.680357	17.2896	1.78617	27.1544	0.922924	0.3402	-0.180209	798	800	330	4	2	0
0.0444058	0.665715	17.9175	2.01763	27.0317	-0.720447	0.467412	0.512331	799	801	330	4	3	0
0.0374283	0.744531	17.4379	2.32879	27.3728	-0.194296	0.707056	0.679941	800	0	330	4	4	0
0.0331247	0.546961	17.2194	1.5091	26.7827	-0.724152	-0.136443	-0.676008	528	0	331	4	1	1
0.0262493	0.433967	18.2483	0.782541	26.7349	0.778048	0.233627	0.583146	528	0	332	4	1	1
0.0380061	1.04087	14.7619	4.30734	28.2673	0.857987	0.513666	-0.00217539	529	0	333	4	1	1
0.0666936	0.955773	14.6077	4.38894	28.5769	0.209459	0.942476	0.260511	529	0	334	4	1	0
0.0381855	5.62705	15.2308	7.2172	23.5265	-0.00894205	-0.908309	0.418205	530	0	335	4	1	1
0.0364864	0.487261	16.0344	8.56542	27.5235	0.536794	-0.256871	0.80366	531	0	336	4	1	0
0.0531218	2.5014	19.5115	1.55279	22.39	0.237835	0.307234	0.094144	532	809	337	4	1	1
0.0588424	1.05583	21.0386	3.4581	22.9505	0.975242	0.21964	0.0257155	808	810	337	4	2	0
0.0487048	0.79889	22.0683	3.69	22.9777	0.82509	0.158975	-0.542175	809	0	337	4	3	0
0.0531218	1.1294	20.1681	1.56009	22.2173	-0.063255	0.823387	0.319387	532	812	338	4	1	1
0.0193716	0.878743	20.1075	2.61439	22.6245	-0.050009	0.977285	-0.205943	811	0	338	4	2	0
0.0531218	1.52959	19.5012	1.55273	22.3928	0.0624177	0.635044	0.142265	532	814	339	4	1	1
0.06315	0.968532	19.6846	2.78397	22.5439	0.261155	0.402866	-0.87721	813	815	339	4	2	0
0.0432827	0.630692	19.9376	3.17415	21.6943	0.451733	-0.292663	-0.842785	814	816	339	4	3	0
0.0442251	0.621417	20.2225	2.98957	21.1628	0.548156	-0.621391	-0.55982	815	817	339	4	4	0
0.0268029	1.12829	20.5631	2.60343	20.8149	0.709765	0.4008	0.579304	816	0	339	4	5	0
0.0361161	1.49273	21.6008	2.47318	21.3485	0.607955	0.194866	0.769687	533	0	340	4	1	1
0.0490682	0.703748	21.5327	2.30138	21.452	1.09803	-0.49693	-0.752681	533	820	341	4	1	1
0.020391	0.761125	22.065	2.05824	21.0623	0.441004	0.669157	-0.598118	819	0	341	4	2	0
0.0401958	0.973399	21.7185	2.88386	21.0057	-0.571833	0.139834	-0.808365	533	0	342	4	1	1
0.0531218	0.944403	20.8747	1.5448	22.0018	-0.614755	-0.669565	0.543107	532	823	343	4	1	1
0.0209669	2.03897	20.3081	1.01403	22.4704	0.691535	0.538228	0.481757	822	0	343	4	2	0
0.0504924	0.772284	18.9711	4.54469	24.7101	0.293933	-0.947424	-0.126456	536	0	344	4	1	1
0.0245322	0.754087	19.3991	5.21389	24.7265	0.0641056	0.773289	-0.630805	537	0	345	4	1	1
0.0858151	0.485981	19.5412	5.28645	24.7869	0.829082	-0.0366394	-0.557925	537	827	346	4	1	1
0.0658068	0.97873	19.9441	5.26865	24.5158	0.941535	0.154751	-0.299271	826	828	346	4	2	0
0.0507725	1.35564	20.8656	5.42011	24.2229	0.899147	0.275453	0.340088	827	0	346	4	3	0
0.0548391	0.417475	19.6307	5.47093	24.8604	0.687869	-0.411823	0.597694	538	0	347	4	1	1
0.0477861	0.677256	19.3973	6.40655	24.8165	0.820476	0.570474	0.0371236	539	0	348	4	1	1
0.0537192	0.714374	19.6368	6.57412	24.5257	-1.31026	-0.168261	-0.463053	539	832	349	4	1	1
0.0243464	0.835513	19.0503	6.51814	24.3252	-0.294156	0.926911	-0.233041	831	0	349	4	2	0
0.0783865	0.44556	18.7804	3.05223	24.5456	0.365279	-0.917118	0.15958	542	0	350	4	1	0
0.0574508	0.262601	18.8756	3.12983	24.5168	0.99785	-1.38324	-3.40473	542	835	351	4	1	1
0.0267475	0.835257	18.9216	2.99494	24.2787	0.433995	-0.0456295	0.899759	834	0	351	4	2	0
0.0423982	0.602425	19.7264	3.70836	25.1607	0.286182	-0.0798475	-0.954843	544	0	352	4	1	0
0.0273851	1.18137	20.0741	3.96033	25.5754	-0.0774188	-0.978255	0.192416	544	0	353	4	1	1
0.0633987	0.774006	18.6126	3.06795	25.2049	0.652875	0.75527	0.0576428	547	0	354	4	1	1
0.0433279	1.34361	18.243	2.33788	25.6105	0.282684	-0.136123	0.949505	548	0	355	4	1	1
0.0236956	0.973675	18.2298	2.01299	25.6983	0.56311	-0.0364064	-0.825579	548	0	356	4	1	1
0.0334777	0.833685	18.2322	2.03586	25.6967	-0.634999	0.163333	1.00443	548	842	357	4	1	1
0.0408028	0.484912	17.7829	2.15456	26.3864	-0.96936	0.24218	-0.0411	841	843	357	4	2	0
0.027383	0.764694	17.3128	2.272	26.3665	-0.574577	0.770129	0.27706	842	0	357	4	3	0
0.0218849	1.07695	18.236	2.17742	25.6527	-0.917656	-0.0778207	0.38968	548	0	358	4	1	1
0.066735	1.78555	17.9315	3.29088	24.3618	-0.448708	-0.528031	0.721003	545	0	359	4	1	1
0.0269278	0.683699	19.7325	2.70496	24.3317	0.104066	-0.803811	-0.585712	550	0	360	4	1	1
0.0574508	0.720153	17.9401	3.63747	22.4782	-0.842061	-0.536749	0.0532302	554	0	361	4	1	0
0.0402433	1.03762	17.9154	3.51248	22.1809	-0.775191	0.622653	-0.106687	554	0	362	4	1	0
0.0440397	1.16738	20.2009	0.958709	21.0699	0.167844	-0.665116	-0.727632	560	0	363	4	1	1
0.0750639	4.10076	17.6898	6.04381	26.8445	-0.343906	-0.937482	0.053442	569	851	364	4	1	1
0.0757465	0.875212	16.2795	2.19942	27.0637	0.532525	-0.642279	0.551266	850	852	364	4	2	0
0.0526324	1.10822	16.7456	1.63729	27.5461	-0.833381	-0.290813	-0.470005	851	0	364	4	3	0
0.0727616	2.02856	17.6332	6.08918	26.8003	0.203684	0.435308	0.876938	569	854	365	4	1	1
0.0727819	1.23782	18.0464	6.97223	28.5792	0.355624	0.926409	0.123687	853	855	365	4	2	0
0.0540138	0.939261	18.4866	8.11896	28.7323	0.364271	0.816856	0.447274	854	0	365	4	3	0
0.0667152	1.91487	18.1525	5.49167	27.3177	-0.313329	-0.34183	0.24021	570	857	366	4	1	1
0.0235304	1.24397	17.0465	4.24482	28.1061	0.365919	-0.0810005	0.927115	856	0	366	4	2	0
0.0701197	3.08797	17.7549	6.05661	26.84	0.0155287	0.318883	-0.0542467	569	859	367	4	1	0
0.0287535	0.8869	17.8906	9.1133	26.3852	0.787255	0.47144	0.39746	858	0	367	4	2	0
0.0667152	1.97054	18.2484	5.57924	27.2426	-0.238283	-0.439816	0.0855209	570	861	368	4	1	1
0.0275626	1.23015	17.3877	3.81715	27.5041	-0.214072	-0.41508	-0.884241	860	0	368	4	2	0
0.0516467	2.36812	19.791	6.83554	26.7976	-0.0952989	0.66345	0.742127	571	863	369	4	1	0
0.0184982	0.685072	19.5653	8.40667	28.555	0.724152	0.518054	0.455218	862	0	369	4	2	0
0.0576519	1.36063	19.56	6.73509	26.7576	-0.204152	0.293367	0.642198	571	865	370	4	1	1
0.0582554	1.24835	19.1717	7.2651	27.9513	0.478286	0.139105	0.867117	864	866	370	4	2	0
0.0625787	0.864531	19.7687	7.43875	29.0338	0.821544	0.552033	0.142562	865	867	370	4	3	0
0.0408081	1.7414	20.479	7.916	29.157	0.84515	0.488094	-0.217912	866	0	370	4	4	0
0.0742143	2.58967	17.8852	5.90329	26.9772	0.567361	-0.682052	-0.461418	569	869	371	4	1	0
0.0793699	0.980189	19.3545	4.137	25.7822	0.853747	0.383939	0.351719	868	870	371	4	2	0
0.0944653	0.513161	20.1913	4.51333	26.127	0.70478	0.101923	-0.702066	869	871	371	4	3	0
0.0547441	0.945653	20.553	4.56564	25.7667	0.507234	-0.829024	-0.23544	870	872	371	4	4	0
0.0364271	0.895313	21.0327	3.78167	25.5441	0.0909217	-0.927555	-0.362456	871	0	371	4	5	0
0.0393911	1.08897	21.9165	6.90394	26.1832	0.568172	-0.20514	-0.79693	575	0	372	4	1	0
0.0300167	0.945943	22.2139	7.09735	26.4602	-0.522548	-0.579661	0.625249	575	0	373	4	1	1
0.0603511	1.59088	20.0861	6.9798	26.8209	0.280939	0.947205	0.154519	571	876	374	4	1	1
0.0137574	1.66331	20.533	8.48669	27.0668	0.820049	-0.173264	0.545436	875	0	374	4	2	0
0.0263231	1.0483	19.2985	2.77355	18.4888	0.673403	-0.142473	-0.725417	576	0	375	5	1	1
0.0267401	0.842315	19.3785	2.93281	18.3311	-0.0108929	-0.964959	-0.262173	577	0	376	5	1	1
0.0178186	0.578267	16.9395	3.15119	19.3152	-0.0542371	0.20337	-0.977599	580	0	377	5	1	1
0.0151593	0.847637	21.7692	6.7317	23.2608	-0.35595	-0.760623	0.54291	588	0	378	5	1	1
0.00218345	0.865719	20.9214	6.0829	23.3553	0.613379	0.530776	0.584845	589	882	379	5	1	1
0.00150494	0.883918	21.4524	6.5424	23.8616	0.925048	0.377016	-0.0463154	881	0	379	5	2	0
0.0276517	0.584992	22.8231	6.69131	22.8523	0.663026	0.683629	0.305036	591	884	380	5	1	1
0.0067785	1.32527	23.2109	7.09123	23.0307	0.637223	-0.770441	0.0191485	883	0	380	5	2	0
0.018287	0.957845	23.227	5.41562	22.9658	0.776006	0.471136	0.419338	593	0	381	5	1	1
0.0145982	0.451366	23.0379	4.67893	22.5677	-0.155283	-0.0721256	0.985234	594	0	382	5	1	1
0.0226925	0.0678898	19.8999	11.088	27.4	-0.133658	-0.910013	-0.392443	605	0	384	5	1	0
0.0389062	1.11756	20.7219	12.3051	28.4097	-0.555816	-0.13211	-0.820741	615	0	385	5	1	1
0.0512538	0.700301	20.7276	12.1033	28.7003	1.01923	-0.321895	-0.946897	615	890	386	5	1	1
0.0216687	1.09058	21.2274	11.9455	28.2359	-0.496238	-0.131969	-0.858098	889	0	386	5	2	0
0.0490989	0.701088	20.7941	12.7999	27.7841	0.874679	0.336486	0.348875	616	0	387	5	1	1
0.0497081	1.35855	20.6939	12.6736	27.8502	-0.994556	-0.0987842	0.0331689	616	0	388	5	1	1
0.0396935	0.712572	20.4949	13.0769	28.2651	0.290904	0.226318	0.9296	617	0	389	5	1	0
0.0463886	2.16437	20.7702	12.794	27.7713	-0.840593	0.283912	0.4613	616	0	390	5	1	1
0.0512538	1.00861	20.7113	12.0403	28.7926	-0.130763	-0.714271	-0.675063	615	896	391	5	1	1
0.0538744	1.18797	20.5985	11.29	28.0259	0.907731	0.229837	0.350998	895	897	391	5	2	0
0.0424547	0.851326	21.6768	11.5631	28.4429	0.556785	0.81346	-0.168145	896	0	391	5	3	0
0.041285	0.510395	20.1617	13.9932	29.5448	-0.67742	0.390691	0.623268	619	0	392	5	1	1
0.00340553	0.571637	18.9121	13.3627	29.1047	-0.117274	0.605166	0.787414	621	0	393	5	1	1
0.0074164	0.568971	20.4385	13.9912	28.4025	0.570852	0.525114	0.631177	627	0	394	5	1	1
0.0408048	0.518052	20.3663	13.1438	26.0763	0.944957	-0.0575352	-0.322096	638	0	395	5	1	1
0.0300101	0.396257	20.3154	13.2728	25.993	-0.849257	-0.517379	-0.105269	638	0	396	5	1	1
0.0622163	0.892527	19.2323	10.5649	26.4303	-0.215607	-0.700358	0.68045	640	0	397	5	1	1
0.0024461	0.63981	19.06	9.99441	26.351	0.715974	-0.366445	0.594222	641	0	398	5	1	1
0.0303829	0.964119	20.9099	10.4296	24.801	0.95228	0.302642	-0.0396391	644	0	399	5	1	1
0.0713452	0.916346	19.6412	10.7065	25.7839	-0.236808	-0.919768	-0.53746	642	907	400	5	1	1
0.035718	1.0783	19.4423	9.9342	25.3326	0.646384	-0.316951	-0.694068	906	0	400	5	2	0
0.0262152	0.539169	20.683	13.9145	26.6571	-0.00915465	-0.966706	-0.255724	650	0	401	5	1	1
0.031447	1.21147	17.5579	11.6168	26.954	-0.779841	0.613145	-0.126103	658	0	402	5	1	0
0.0622268	1.30566	18.6864	12.0495	26.3516	-0.401997	0.638485	0.656304	659	911	403	5	1	1
0.0192621	1.14741	18.1615	12.8832	27.2085	0.998163	0.0586942	0.015044	910	0	403	5	2	0
0.0685247	1.2114	17.9068	11.4445	26.8534	0.754322	0.238416	0.235771	657	913	404	5	1	1
0.0758038	0.719371	19.0138	11.7943	27.1994	0.229376	0.970886	-0.069048	912	914	404	5	2	0
0.0413676	0.799983	19.1788	12.4928	27.1498	0.83727	0.36916	-0.403361	913	0	404	5	3	0
0.0309491	0.770532	20.1764	14.2005	25.6388	0.637897	-0.740635	-0.21106	662	0	405	5	1	1
0.0334859	0.574223	20.1008	14.239	25.6125	0.926887	-0.113467	-0.357779	663	0	406	5	1	1
0.0694382	1.6479	18.1814	11.6714	26.8043	-0.0356687	0.87945	-0.474654	658	0	407	5	1	0
0.0421434	0.758828	18.2969	16.5764	27.4913	-0.387545	0.555885	-0.735391	670	0	408	5	1	1
0.0447824	0.628353	17.294	17.0285	26.0713	-0.720883	-0.25284	-0.645291	673	0	409	5	1	0
0.0447824	0.473451	17.4001	16.878	26.1985	-2.02303	0.420224	0.438099	674	921	410	5	1	1
0.0181742	1.04416	16.9517	16.9784	26.3066	0.258882	0.567534	0.781592	920	0	410	5	2	0
0.0186854	0.781043	16.9954	16.8464	26.889	-0.420088	0.866876	-0.268425	676	0	411	5	1	1
0.0171464	0.724885	17.0849	17.0073	26.9171	0.392292	0.726434	-0.56427	676	0	412	5	1	1
0.00985196	0.903587	15.2542	16.4874	27.8085	-0.53585	-0.749547	0.388645	682	0	413	5	1	1
0.028602	1.15455	3.7234	8.9443	25.3876	-0.192974	0.849337	0.491312	689	0	414	5	1	1
0.0270361	1.12269	2.55678	8.64706	26.0565	0.0937991	0.938822	-0.331383	690	0	415	5	1	1
0.0250109	0.693892	2.63227	8.70326	26.3806	0.0969818	-1.22487	-0.753116	690	928	416	5	1	1
0.0100412	0.950689	2.71105	8.1998	26.0165	0.605121	-0.610398	0.511119	927	0	416	5	2	0
0.018917	0.264066	3.19468	9.04706	24.2438	-0.242579	-0.749143	-0.616392	691	0	417	5	1	1
0.0147686	0.71626	2.63682	10.0636	24.0118	0.386456	0.921003	-0.0490438	697	0	418	5	1	1
0.0314603	0.201175	3.17588	10.0539	22.057	0.298955	-0.948501	0.104745	701	0	419	5	1	0
0.0383814	0.533868	3.17559	10.0691	22.0137	0.358464	-0.0220311	-0.933284	700	0	420	5	1	1
0.0368467	1.28924	3.40475	11.4442	22.9978	0.6364	0.11504	-0.762732	704	0	421	5	1	1
0.0277786	0.603473	2.12613	7.38057	26.2462	0.645856	0.61921	-0.446596	712	0	422	5	1	1
0.00219877	0.803782	0.915503	7.06693	25.7331	-0.741867	-0.0647458	-0.667414	713	0	423	5	1	1
0.061863	0.681205	12.9712	9.02711	25.1317	0.998098	0.0368521	0.049426	718	0	424	5	1	0
0.0280529	0.918189	7.66411	6.26922	21.5621	0.133075	-0.698731	-0.702898	724	0	425	5	1	0
0.0259304	0.668495	7.57989	6.27102	21.5364	0.00294328	-0.333307	-0.942814	724	939	426	5	1	1
0.0070698	0.782838	7.58186	6.04821	20.9061	-0.824163	-0.312104	-0.472596	938	0	426	5	2	0
0.045508	0.80319	7.15236	5.49714	21.8427	-0.171476	-0.492668	-0.853156	726	0	427	5	1	1
0.0625226	1.1519	6.17668	4.36793	23.8962	0.839547	-0.543128	0.0131521	732	0	428	5	1	1
0.0675207	1.55949	4.80859	4.25467	23.9207	0.770443	-0.630561	0.093865	733	0	429	5	1	1
0.0706248	1.09161	3.63987	5.68701	24.8088	-0.632676	-0.672415	0.384161	738	0	430	5	1	0
0.0667676	0.689703	2.6562	5.43058	23.8428	-1.01445	-0.917781	-0.480388	743	945	431	5	1	0
0.0577057	0.869898	2.03774	4.88926	23.4208	0.770329	-0.13726	-0.622698	944	946	431	5	2	0
0.0532385	0.311142	2.70784	4.76985	22.8791	0.949508	-0.282028	0.137457	945	0	431	5	3	0
0.0346141	0.159743	1.52737	5.4302	23.1957	1.86356	-3.47673	-4.86084	745	948	432	5	1	1
0.0139916	0.908162	1.56159	5.26532	23.1333	0.595425	-0.511947	-0.619176	947	0	432	5	2	0
0.0513875	0.355699	0.481369	6.0441	24.1215	0.197215	-0.311688	0.929493	746	0	433	5	1	1
0.0411276	0.468932	0.48834	6.10638	24.1305	-0.627923	0.357255	-0.691434	746	0	434	5	1	1
0.0348127	0.824117	0.731316	6.86229	24.2773	1.17504	-0.190371	0.235417	746	952	435	5	1	0
0.012329	1.51013	1.52937	6.733	24.4372	-0.60916	-0.11113	-0.785222	951	0	435	5	2	0
0.0403857	0.708009	2.31829	6.26086	24.9232	0.175248	0.00338374	0.984519	748	0	436	5	1	0
0.0461335	1.17233	1.81618	5.85365	24.1528	-0.72185	0.0490663	0.690307	750	0	437	5	1	1
0.00249099	0.567727	1.36134	4.7031	25.0621	0.886681	-0.101401	0.451126	751	0	438	5	1	1
0.0348269	0.985819	3.66891	6.43857	24.4889	-0.372365	0.874821	0.353566	757	957	439	5	1	1
0.0414103	0.530814	3.30703	7.28875	24.8325	-0.832579	0.365203	-0.416461	956	958	439	5	2	0
0.0448148	0.693428	2.86509	7.48261	24.6114	-0.802393	0.424547	-0.419435	957	959	439	5	3	0
0.0385956	0.241012	2.30869	7.777	24.3206	-0.437905	0.743114	-0.505985	958	960	439	5	4	0
0.0341651	0.493857	2.20315	7.9561	24.1986	-0.182669	0.855713	-0.484136	959	961	439	5	5	0
0.0408055	0.759038	2.11294	8.3787	23.9595	-0.0300772	-0.54919	-0.835156	960	962	439	5	6	0
0.0420499	0.527232	2.09011	7.96184	23.3256	-0.24029	-0.306965	-0.920887	961	963	439	5	7	0
0.033236	0.767514	1.96342	7.8	22.8401	0.373968	0.743869	-0.553902	962	0	439	5	8	0
0.0412947	0.876221	4.70617	7.63429	22.6802	0.214103	-0.62472	0.93079	763	965	440	5	1	1
0.040651	1.19666	4.87615	7.16126	23.3517	-0.409071	0.903459	0.128149	964	966	440	5	2	0
0.030742	0.352544	4.38663	8.24239	23.5051	-0.512199	0.838312	0.186778	965	967	440	5	3	0
0.0259926	0.64313	4.20606	8.53793	23.5709	-0.827672	0.51803	0.215881	966	0	440	5	4	0
0.0563746	1.29392	3.27234	7.05216	23.8659	-0.21634	0.0936253	0.971819	760	0	441	5	1	1
0.0546169	1.00381	3.2795	7.05419	23.711	0.328566	-0.766843	-0.551359	759	0	442	5	1	1
0.0585353	0.637982	4.05143	7.60433	23.5042	-1.47723	0.523474	-0.0252331	761	971	443	5	1	1
0.0587249	1.028	3.48703	7.85382	23.5051	0.38154	-0.644887	-0.66223	970	972	443	5	2	0
0.041139	0.773929	3.87925	7.19088	22.8244	-0.779667	-0.143434	-0.609546	971	0	443	5	3	0
0.0479213	0.741739	4.43095	7.40692	23.1493	0.54574	-0.366482	-0.753564	762	974	444	5	1	1
0.0137604	1.12708	4.83575	7.13508	22.5903	0.459498	-0.0660571	-0.885719	973	0	444	5	2	0
0.0412947	0.453904	4.78664	7.82171	22.512	1.52321	0.351454	1.55241	763	976	445	5	1	1
0.0155134	0.779385	5.10046	7.89412	22.8318	0.963144	-0.266144	0.0390104	975	0	445	5	2	0
0.039729	1.20174	6.64087	4.82181	26.4236	0.413554	-0.895749	0.163114	765	0	446	5	1	1
0.0630653	0.584278	6.87747	4.66021	26.2655	-0.368965	-0.608086	0.70292	765	0	447	5	1	1
0.0228003	0.818113	6.45582	4.94386	26.6282	-0.795187	-0.60603	-0.0201361	766	0	448	5	1	1
0.0402183	1.21378	6.54065	4.97157	26.628	0.0693311	0.650783	0.756092	765	0	449	5	1	1
0.0713452	0.883404	7.32107	3.11349	26.172	0.788819	-0.375226	-0.486795	769	0	450	5	1	0
0.0316458	2.1944	6.18982	1.80638	25.1242	0.206098	0.837394	-0.506256	770	0	451	5	1	1
0.0484385	1.73427	5.08908	2.8923	25.1501	0.715748	-0.455906	0.529013	780	0	452	5	1	1
0.0575552	1.05681	5.20071	2.82938	25.2077	-0.358542	0.916646	0.176655	780	0	453	5	1	0
0.0629455	1.25231	5.91035	1.59125	24.2471	-0.31151	0.548857	-0.489248	783	986	455	5	1	1
0.0298395	0.928855	5.415	2.4213	23.5295	0.0103346	-0.879465	-0.475851	985	0	455	5	2	0
0.0629455	0.495896	6.349	1.66664	23.4274	-0.308749	1.98253	0.201842	784	988	456	5	1	1
0.0307375	0.934122	6.18893	2.13804	23.3963	-0.187195	0.973286	0.132937	987	0	456	5	2	0
0.0206041	0.636936	5.5509	1.43159	25.48	-0.922984	0.141278	0.357968	787	0	457	5	1	1
0.035452	0.777597	17.8079	2.11063	27.1639	0.105971	-0.985547	0.132163	800	0	458	5	1	1
0.0139824	0.864544	15.1509	2.10971	25.9048	0.0110938	-0.258285	0.966005	806	0	459	5	1	1
0.0504657	0.497304	20.9813	3.50549	22.9505	-1.78149	0.93251	-0.0147571	809	993	460	5	1	1
0.01889	1.53382	20.5564	3.5743	23.0328	0.430982	-0.126355	0.89347	992	0	460	5	2	0
0.0312724	0.289235	22.2883	2.72705	22.2577	0.909044	0.0956568	-0.405573	818	0	461	5	1	1
0.00201026	0.54763	22.3015	2.3969	20.7754	-0.52945	0.82638	0.191778	820	0	462	5	1	1
0.0610782	0.265749	19.5372	5.20185	24.8038	-1.71836	-3.32725	-0.36939	826	997	463	5	1	1
0.0231007	1.08563	19.4787	4.98127	24.8194	0.476498	-0.779516	-0.406577	996	0	463	5	2	0
0.021447	0.586948	19.8025	5.1918	24.5825	-0.122706	0.606168	-0.785814	826	0	464	5	1	1
0.0610782	1.23651	19.6877	5.19712	24.7132	0.599725	-0.334352	-0.427292	826	1000	465	5	1	1
0.0317246	0.603733	20.5825	4.71907	23.9835	0.737396	0.464415	0.490475	999	0	465	5	2	0
0.0440142	0.568563	20.2148	5.32263	24.361	-0.719435	-0.447265	-0.531382	827	0	466	5	1	1
0.0412946	0.849948	20.781	5.40448	24.139	-0.58198	-0.0158801	-0.813048	828	0	467	5	1	0
0.0349315	0.468585	19.7466	5.37624	25.0335	-0.598035	0.143163	0.78858	829	0	468	5	1	1
0.0598118	0.692624	19.6253	5.48972	24.9161	0.96987	-0.032001	0.241512	829	0	469	5	1	1
0.0510332	0.514451	19.382	6.45329	24.825	-0.791435	1.7244	0.422509	830	1006	470	5	1	1
0.0203096	1.09523	19.1725	6.90967	24.9368	0.96797	0.183327	-0.171537	1005	0	470	5	2	0
0.0546515	0.803583	18.9286	3.0541	24.4606	0.0733412	-0.754667	0.651995	834	0	471	5	1	1
0.0135937	0.466658	18.4354	2.00601	25.357	-0.0569446	-0.980047	-0.190432	840	0	472	5	1	1
0.0741896	0.448564	16.2194	2.2449	27.0835	-0.808902	-0.580308	-0.0944526	850	0	473	5	1	1
0.0612886	1.10062	16.5986	1.8806	27.4358	0.471591	0.167154	0.86583	851	0	474	5	1	0
0.0705713	0.361056	16.1711	1.38238	27.2254	0.334364	-0.775677	-0.535281	852	0	475	5	1	1
0.0612886	1.78513	16.2138	2.19705	26.9712	-0.0918888	-0.54959	0.0575562	851	1013	476	5	1	1
0.0257588	1.80521	15.9141	0.419374	27.1249	-0.786279	0.616879	0.0350247	1012	0	476	5	2	0
0.0570573	0.764262	17.997	6.8286	28.4513	-0.367355	-0.719688	0.589152	853	1015	477	5	1	1
0.0154323	1.41483	17.7163	6.27857	28.9016	-0.56183	-0.670806	0.484114	1014	0	477	5	2	0
0.0591308	1.81971	18.0402	7.06118	28.5266	0.137162	0.936215	-0.323556	854	0	478	5	1	1
0.0691768	0.89831	18.4021	8.02052	28.7758	-0.728419	0.587761	-0.352055	854	0	479	5	1	1
0.0611029	0.713094	18.4336	7.99159	28.7884	0.51016	-0.49746	0.70162	854	0	480	5	1	1
0.0445437	0.585421	18.5871	8.2919	28.7763	0.853261	-0.0441595	0.519611	855	0	481	5	1	1
0.0388253	0.87683	18.6777	8.60251	28.9372	-0.337856	0.138868	-0.930897	855	0	482	5	1	1
0.110372	0.544997	18.0067	6.88596	28.4943	-0.763756	0.494137	-0.415338	854	0	483	5	1	1
0.0256741	0.589741	17.1867	4.21199	28.3996	-0.806633	0.414009	0.421829	857	0	484	5	1	1
0.0633794	0.613417	16.8332	3.96884	28.321	0.327642	-0.863502	0.383424	856	0	485	5	1	0
0.0025	0.246675	18.4877	9.43942	26.6687	3.06634	-0.223113	2.64237	859	1025	486	5	1	1
0.00222036	0.839101	18.6706	9.45547	26.8298	0.891008	0.134752	0.433527	1024	1026	486	5	2	0
0.00178326	0.802309	19.4182	9.56855	27.1935	0.833514	0.213598	0.509539	1025	1027	486	5	3	0
0.00117699	0.741897	20.087	9.73992	27.6023	0.891858	0.282482	-0.353261	1026	0	486	5	4	0
0.00250955	3.1683	18.2893	9.32083	26.5682	0.955112	-0.154918	0.252511	859	0	487	5	1	1
0.0549775	0.763929	17.8342	9.09846	26.3367	-0.0407806	0.998333	0.0408345	858	1030	488	5	1	0
0.0642828	0.352321	17.803	9.86112	26.3679	0.642966	0.468713	-0.605725	1029	1031	488	5	2	0
0.0358053	0.870255	18.0295	10.0263	26.1545	0.543295	-0.542663	-0.640584	1030	0	488	5	3	0
0.0666137	5.8509	17.7808	5.51637	26.8838	0.105175	0.134693	-0.00274225	858	1033	489	5	1	1
0.0254685	0.625348	21.3759	10.1321	26.7826	0.486418	0.872182	0.0519239	1032	0	489	5	2	0
0.00260178	0.754995	17.2469	3.60039	27.038	-0.922843	-0.219818	-0.316293	861	0	490	5	1	1
0.0025	0.125761	17.149	3.41077	26.6336	-1.32879	7.36012	-2.70015	861	1036	491	5	1	1
0.00161745	0.68199	17.0739	3.48897	26.5307	0.736977	-0.573925	-0.357037	1035	0	491	5	2	0
0.0514381	0.712747	19.56	8.13302	28.216	-1.19969	0.352619	-0.636289	862	1038	492	5	1	1
0.0217856	0.949466	19.0635	8.23693	27.9258	0.238678	0.0278937	0.970698	1037	0	492	5	2	0
0.0355346	1.38761	19.5635	8.12965	28.2052	0.434141	0.806993	0.400354	862	0	493	5	1	1
0.0514381	1.0793	19.6344	7.88825	27.8993	-0.79584	0.52084	-0.308811	862	0	494	5	1	0
0.0713885	0.600568	19.5558	7.32318	28.6763	0.988069	-0.00674721	-0.153867	865	1042	495	5	1	1
0.0203122	0.712876	20.1493	7.31913	28.5839	0.331403	0.803065	-0.495235	1041	0	495	5	2	0
0.0547693	1.11639	19.8937	7.44865	29.1423	0.968618	-0.24707	-0.0271067	865	0	496	5	1	0
0.0765751	1.54151	20.0861	4.57213	26.1377	-0.618161	0.775804	0.12651	870	1045	497	5	1	1
0.0588357	1.708	19.1332	5.76804	26.3327	0.971368	-0.228362	-0.0655389	1044	1046	497	5	2	0
0.0483473	1.29187	20.7922	5.378	26.2208	0.65558	0.453041	-0.604126	1045	0	497	5	3	0
0.0666137	0.412137	19.5609	4.31534	25.8647	-0.680132	2.32816	0.066281	869	1048	498	5	1	1
0.0239235	1.15339	19.391	4.75845	25.8811	0.288013	0.0928603	0.953114	1047	0	498	5	2	0
0.0397746	0.921662	20.8613	4.14027	25.6025	0.86271	0.300325	-0.406861	871	0	499	5	1	1
0.0260827	0.413734	21.132	3.03138	25.2222	-0.194561	-0.403281	-0.894154	872	0	500	5	1	1
0.0350837	0.70515	20.1234	7.30283	26.8936	-0.0539661	-0.239691	1.39669	875	1052	501	5	1	1
0.0117585	1.54726	20.1823	7.15608	27.7293	0.146207	-0.984747	0.094323	1051	0	501	5	2	0
0.0382781	0.946637	20.4035	8.19805	27.0616	0.918151	-0.331011	-0.217784	875	1054	502	5	1	1
0.0377453	0.751086	21.2727	7.8847	26.8554	-0.545168	0.176589	-0.819517	1053	1055	502	5	2	0
0.0363756	0.855062	20.8632	8.01733	26.2399	-0.973788	0.0841068	-0.211337	1054	1056	502	5	3	0
0.0328823	0.846396	20.0306	8.08925	26.0592	-0.163142	0.634396	0.755597	1055	1057	502	5	4	0
0.026457	0.692728	19.8925	8.6262	26.6987	-0.333381	0.924986	0.182365	1056	0	502	5	5	0
0.00211	0.903292	21.8284	6.69535	23.8443	0.111162	-0.224379	0.968141	882	0	503	6	1	1
0.00218223	0.683972	23.6032	6.62635	23.0391	0.217174	0.743001	0.633076	884	0	504	6	1	1
0.0215149	0.899232	21.8138	11.7273	28.4445	-0.43118	0.900639	0.0541479	897	0	506	6	1	1
0.0372434	0.728968	20.4497	13.1054	26.0221	0.369894	-0.777924	-0.507949	901	0	507	6	1	1
0.033705	0.785985	19.603	9.89249	25.1938	0.979521	-0.0695229	0.188959	907	0	508	6	1	1
0.00197806	0.40973	19.2906	12.9331	27.2356	0.0713887	0.402145	0.912789	911	0	509	6	1	1
0.0310975	0.508788	18.0409	17.0167	26.9475	-0.023227	0.711153	0.702653	918	0	510	6	1	1
0.0233203	1.05548	3.48487	9.11319	22.0025	0.77836	0.0701458	-0.623887	931	0	511	6	1	0
0.0150947	1.19217	4.24669	11.5617	22.0174	0.901825	-0.42145	-0.0953436	933	0	512	6	1	0
0.0302034	0.508568	13.5263	9.10945	25.1623	-0.258719	0.702604	-0.662882	936	0	513	6	1	0
0.0228827	0.576939	7.70912	5.97152	21.3008	-0.919478	-0.387651	0.0654695	937	0	514	6	1	1
0.0140523	0.621074	7.55607	6.06757	20.9496	-0.918053	0.360556	-0.164856	938	0	515	6	1	1
0.0597637	1.17088	3.70619	5.65732	24.7809	0.4415	-0.890033	0.113659	943	0	516	6	1	1
0.030125	0.876607	3.16511	5.0796	25.1231	0.266107	-0.952784	0.14625	943	0	517	6	1	1
0.0279596	1.07547	3.16203	5.07638	25.1358	0.789442	-0.109897	0.603907	943	0	518	6	1	1
0.0435719	0.75563	2.8369	4.68597	22.9303	-0.995927	-0.0763924	0.0478832	946	0	519	6	1	1
0.0352948	0.334602	2.0977	7.9211	23.3335	0.121699	-2.42531	1.74211	962	1075	520	6	1	1
0.0102387	1.4898	2.09422	7.63129	23.5046	-0.776415	0.0744622	0.625808	1074	0	520	6	2	0
0.03923	0.577647	4.68735	7.62487	22.7458	-0.234966	0.817554	0.525734	964	0	521	6	1	0
0.03923	0.224753	4.90777	7.17232	23.3976	3.86136	2.20246	-0.188668	964	1078	522	6	1	1
0.0245321	0.544997	5.06504	7.2939	23.4314	0.653471	-0.297961	-0.695841	1077	0	522	6	2	0
0.031836	0.597177	3.03206	7.16616	24.7257	-0.654735	-0.624705	0.425518	968	0	523	6	1	1
0.0458472	1.14769	3.0381	7.16435	24.7004	0.287806	-0.585577	0.757805	968	0	524	6	1	1
0.0459642	0.597489	3.49418	7.93361	23.5153	0.953627	0.300869	0.00857041	971	0	525	6	1	1
0.0527806	0.302665	4.75218	3.71637	25.4815	-0.694265	0.719711	0.0035122	984	0	526	6	1	0
0.0283597	0.4513	5.39378	2.02959	23.3007	-0.73069	0.261699	-0.63056	986	0	528	6	1	1
0.00187518	0.7464	19.8369	4.41208	24.4967	-0.703431	-0.060585	0.708177	997	0	529	6	1	1
0.00287482	0.66312	19.7591	4.54079	24.564	0.893114	-0.0023162	-0.449825	997	0	530	6	1	1
0.00184613	0.902006	20.8162	4.89499	24.1709	0.339868	-0.934674	-0.104276	1000	0	531	6	1	1
0.00263753	0.90132	19.7251	7.03377	24.8453	-0.964347	-0.00396268	-0.264612	1006	0	532	6	1	1
0.0268159	0.511746	18.2848	8.51888	27.9679	0.743124	-0.663979	0.0830596	1016	0	533	6	1	1
0.0421716	1.10874	18.7479	8.27827	28.8227	0.742823	0.363605	0.562143	1019	0	534	6	1	1
0.0313353	0.632061	17.5969	7.27206	28.1939	0.775901	0.530303	-1.27274	1021	1091	535	6	1	1
0.0130975	0.600351	17.9018	7.49057	27.727	-0.369431	-0.921093	0.122919	1090	0	535	6	2	0
0.0602104	0.56574	16.9692	3.78651	28.7119	-0.291555	-0.873966	0.388818	1023	0	536	6	1	0
0.00209824	0.602638	18.7475	9.46693	26.8696	-0.314798	-0.818112	0.481244	1025	0	537	6	1	1
0.00225773	0.822267	19.1361	9.52571	27.0587	0.48355	-0.370219	0.793169	1025	0	538	6	1	1
0.00241967	0.686016	19.7186	9.64489	27.379	0.164709	-0.826236	0.538706	1026	0	539	6	1	1
0.00213277	0.58122	20.2326	9.78707	27.5452	0.353065	0.0852868	0.931703	1027	0	540	6	1	1
0.00202822	0.694034	19.8663	9.68273	27.4693	0.327006	-0.586792	0.740771	1026	0	541	6	1	1
0.0344764	0.950894	18.4554	9.64972	25.6689	0.178591	0.920291	0.348095	1031	0	542	6	1	0
0.00228655	0.681465	17.4406	3.20523	26.3526	0.0545318	0.655469	-0.753251	1036	0	543	6	1	1
0.0488662	0.639199	18.6208	8.63878	27.6817	0.877774	-0.00936103	0.478983	1040	0	544	6	1	0
0.0354789	0.319503	20.0329	7.24853	28.6023	-0.215001	-2.93918	-1.05406	1041	1102	545	6	1	1
0.0124102	1.44425	19.9906	6.93606	28.4307	-0.0483915	-0.979493	0.195582	1101	0	545	6	2	0
0.0274217	0.924603	19.5292	4.81942	26.2944	0.152132	0.745514	-0.648896	1048	0	546	6	1	1
0.0289633	1.14379	20.1289	7.1749	27.5359	0.826613	-0.486457	-0.282967	1051	0	547	6	1	1
0.0316131	0.441839	21.063	7.97104	26.4737	0.258852	-0.427541	-0.866144	1054	0	548	6	1	1
0.0244761	0.528007	20.2614	8.10281	26.0938	0.283741	-0.948232	-0.142641	1055	0	549	6	1	1
0.0262163	0.917514	20.6219	8.10645	27.046	0.431619	-0.537485	0.724441	1053	0	550	6	1	1
0.0206922	0.478912	19.9823	6.52744	28.5083	0.174956	0.571832	0.801498	1102	0	551	7	1	1
0.0269231	0.60881	20.0489	7.04729	28.55	0.933968	-0.272027	-0.231744	1101	0	552	7	1	1
0.0138831	0.973528	20.7126	8.01429	27.2142	-0.535718	0.755207	0.377715	1107	0	553	7	1	1
0.0143309	0.437469	20.9463	7.73412	27.5895	0.987824	0.0715838	0.138127	1107	0	554	7	1	1
0.00565495	0.602068	20.2738	8.64972	27.5398	-0.0988975	-0.825345	0.5559	1110	0	555	8	1	1
